Init 0 readers and 64 writers.
----------------------------------------------------------
       Time(ms)       Read Ops      Write Ops      Not Found     Total Read    Total Write
           1000              0      623004000              0              0      623004000
           2000              0      626591000              0              0     1249595000
           3000              0      606447000              0              0     1856042000
           4000              0      601518000              0              0     2457560000
           5000              0      601379000              0              0     3058939000
           6000              0      601409000              0              0     3660348000
           7000              0      601402000              0              0     4261750000
           8000              0      601268000              0              0     4863018000
           9000              0      601441000              0              0     5464459000
          10000              0      601628000              0              0     6066087000
          11000              0      601477000              0              0     6667564000
          12000              0      601309000              0              0     7268873000
          13000              0      601616000              0              0     7870489000
          14000              0      602010000              0              0     8472499000
          15000              0      602172000              0              0     9074671000
          16001              0      602846000              0              0     9677517000
          17001              0      603517000              0              0    10281034000
          18001              0      456374000              0              0    10737408000
Benchmark finished.
finish bench
----------------------------------------------------------
Average Read Ops:	0. Average Write Ops:	602095933
