Init 0 readers and 64 writers.
----------------------------------------------------------
       Time(ms)       Read Ops      Write Ops      Not Found     Total Read    Total Write
           1000              0      613750000              0              0      613750000
           2000              0      600132000              0              0     1213882000
           3000              0      601770000              0              0     1815652000
           4000              0      604807000              0              0     2420459000
           5000              0      616838000              0              0     3037297000
           6000              0      617164000              0              0     3654461000
           7000              0      616975000              0              0     4271436000
           8000              0      617043000              0              0     4888479000
           9000              0      616963000              0              0     5505442000
          10000              0      616847000              0              0     6122289000
          11000              0      616993000              0              0     6739282000
          12000              0      616642000              0              0     7355924000
          13000              0      616769000              0              0     7972693000
          14000              0      616636000              0              0     8589329000
          15000              0      616761000              0              0     9206090000
          16001              0      616590000              0              0     9822680000
          17001              0      616531000              0              0    10439211000
          18001              0      298197000              0              0    10737408000
Benchmark finished.
finish bench
----------------------------------------------------------
Average Read Ops:	0. Average Write Ops:	615021933
