Init 64 readers and 0 writers.
----------------------------------------------------------
       Time(ms)       Read Ops      Write Ops      Not Found     Total Read    Total Write
           1000      612061000              0              0      612061000              0
           2000      622374000              0              0     1234435000              0
           3000      596487000              0              0     1830922000              0
           4000      594549000              0              0     2425471000              0
           5000      589244000              0              0     3014715000              0
           6000      587949000              0              0     3602664000              0
           7000      586925000              0              0     4189589000              0
           8000      588433000              0              0     4778022000              0
           9000      587751000              0              0     5365773000              0
          10000      586066000              0              0     5951839000              0
          11000      585916000              0              0     6537755000              0
          12000      590157000              0              0     7127912000              0
          13000      585359000              0              0     7713271000              0
          14000      587559000              0              0     8300830000              0
          15000      584398000              0              0     8885228000              0
          16001      584698000              0              0     9469926000              0
          17001      583571000              0              0    10053497000              0
          18001      584886000              0              0    10638383000              0
          19001       99025000              0              0    10737408000              0
Benchmark finished.
finish bench
----------------------------------------------------------
Average Read Ops:	587937466. Average Write Ops:	0
