Init 58 readers and 6 writers.
----------------------------------------------------------
       Time(ms)       Read Ops      Write Ops      Not Found     Total Read    Total Write
           1000      563690000       57509000              0      563690000       57509000
           2000      562200000       57162000              0     1125890000      114671000
           3000      545871000       55491000              0     1671761000      170162000
           4000      545546000       55443000              0     2217307000      225605000
           5000      546838000       55576000              0     2764145000      281181000
           6000      546850000       55535000              0     3310995000      336716000
           7000      547600000       55645000              0     3858595000      392361000
           8000      547331000       55573000              0     4405926000      447934000
           9000      547084000       55578000              0     4953010000      503512000
          10000      544971000       55369000              0     5497981000      558881000
          11000      545167000       55425000              0     6043148000      614306000
          12000      544929000       55402000              0     6588077000      669708000
          13000      546170000       55521000              0     7134247000      725229000
          14000      541720000       55110000              0     7675967000      780339000
          15000      537198000       54721000              0     8213165000      835060000
          16001      535596000       54538000              0     8748761000      889598000
          17001      535704000       54528000              0     9284465000      944126000
          18001      445765000       58047000              0     9730230000     1002173000
          19001         546000        4459000              0     9730776000     1006632000
Benchmark finished.
finish bench
----------------------------------------------------------
Average Read Ops:	543905000. Average Write Ops:	55297000
