Init 0 readers and 64 writers.
----------------------------------------------------------
       Time(ms)       Read Ops      Write Ops      Not Found     Total Read    Total Write
           1000              0      616047000              0              0      616047000
           2000              0      652940000              0              0     1268987000
           3000              0      638601000              0              0     1907588000
           4000              0      637240000              0              0     2544828000
           5000              0      635317000              0              0     3180145000
           6000              0      638986000              0              0     3819131000
           7000              0      637451000              0              0     4456582000
           8000              0      639597000              0              0     5096179000
           9000              0      633335000              0              0     5729514000
          10000              0      644286000              0              0     6373800000
          11000              0      643782000              0              0     7017582000
          12000              0      645278000              0              0     7662860000
          13000              0      639526000              0              0     8302386000
          14000              0      647300000              0              0     8949686000
          15000              0      654842000              0              0     9604528000
          16001              0      660649000              0              0    10265177000
          17001              0      472231000              0              0    10737408000
Benchmark finished.
finish bench
----------------------------------------------------------
Average Read Ops:	0. Average Write Ops:	642585000
