Init 0 readers and 64 writers.
----------------------------------------------------------
       Time(ms)       Read Ops      Write Ops      Not Found     Total Read    Total Write
           1000              0      623325000              0              0      623325000
           2000              0      618622000              0              0     1241947000
           3000              0      594522000              0              0     1836469000
           4000              0      594445000              0              0     2430914000
           5000              0      594754000              0              0     3025668000
           6000              0      594404000              0              0     3620072000
           7000              0      594763000              0              0     4214835000
           8000              0      594757000              0              0     4809592000
           9000              0      594696000              0              0     5404288000
          10000              0      594832000              0              0     5999120000
          11000              0      594448000              0              0     6593568000
          12000              0      594343000              0              0     7187911000
          13000              0      594708000              0              0     7782619000
          14001              0      594352000              0              0     8376971000
          15001              0      594623000              0              0     8971594000
          16001              0      594585000              0              0     9566179000
          17001              0      594594000              0              0    10160773000
          18001              0      567485000              0              0    10728258000
          19001              0        9150000              0              0    10737408000
Benchmark finished.
finish bench
----------------------------------------------------------
Average Read Ops:	0. Average Write Ops:	594588400
