Init 0 readers and 64 writers.
----------------------------------------------------------
       Time(ms)       Read Ops      Write Ops      Not Found     Total Read    Total Write
           1000              0      621811000              0              0      621811000
           2000              0      612776000              0              0     1234587000
           3000              0      598885000              0              0     1833472000
           4000              0      598272000              0              0     2431744000
           5000              0      599091000              0              0     3030835000
           6000              0      598791000              0              0     3629626000
           7000              0      598180000              0              0     4227806000
           8000              0      598839000              0              0     4826645000
           9000              0      598218000              0              0     5424863000
          10000              0      598177000              0              0     6023040000
          11000              0      598512000              0              0     6621552000
          12000              0      597788000              0              0     7219340000
          13000              0      598642000              0              0     7817982000
          14000              0      598395000              0              0     8416377000
          15001              0      598314000              0              0     9014691000
          16001              0      598082000              0              0     9612773000
          17001              0      598816000              0              0    10211589000
          18001              0      525522000              0              0    10737111000
          19001              0         297000              0              0    10737408000
Benchmark finished.
finish bench
----------------------------------------------------------
Average Read Ops:	0. Average Write Ops:	598466800
