Init 58 readers and 6 writers.
----------------------------------------------------------
       Time(ms)       Read Ops      Write Ops      Not Found     Total Read    Total Write
           1000      561791000       58098000              0      561791000       58098000
           2000      552020000       56609000              0     1113811000      114707000
           3000      541339000       55492000              0     1655150000      170199000
           4000      540967000       55472000              0     2196117000      225671000
           5000      541573000       55397000              0     2737690000      281068000
           6000      541085000       55398000              0     3278775000      336466000
           7000      541166000       55307000              0     3819941000      391773000
           8000      541473000       55268000              0     4361414000      447041000
           9000      541351000       55460000              0     4902765000      502501000
          10000      541519000       55460000              0     5444284000      557961000
          11000      541354000       55295000              0     5985638000      613256000
          12000      541004000       55459000              0     6526642000      668715000
          13000      541203000       55504000              0     7067845000      724219000
          14000      541444000       55430000              0     7609289000      779649000
          15001      541405000       55489000              0     8150694000      835138000
          16001      541114000       55490000              0     8691808000      890628000
          17001      541378000       55540000              0     9233186000      946168000
          18001      495403000       59134000              0     9728589000     1005302000
          19001        2187000        1330000              0     9730776000     1006632000
Benchmark finished.
finish bench
----------------------------------------------------------
Average Read Ops:	541291666. Average Write Ops:	55430733
