Init 64 readers and 0 writers.
----------------------------------------------------------
       Time(ms)       Read Ops      Write Ops      Not Found     Total Read    Total Write
           1000      613350000              0              0      613350000              0
           2000      607559000              0              0     1220909000              0
           3000      590058000              0              0     1810967000              0
           4000      589627000              0              0     2400594000              0
           5000      589619000              0              0     2990213000              0
           6000      589499000              0              0     3579712000              0
           7000      589381000              0              0     4169093000              0
           8000      589563000              0              0     4758656000              0
           9000      589807000              0              0     5348463000              0
          10000      589725000              0              0     5938188000              0
          11000      589560000              0              0     6527748000              0
          12000      589802000              0              0     7117550000              0
          13000      589728000              0              0     7707278000              0
          14000      589585000              0              0     8296863000              0
          15001      590044000              0              0     8886907000              0
          16001      589565000              0              0     9476472000              0
          17001      589925000              0              0    10066397000              0
          18001      589174000              0              0    10655571000              0
          19001       81837000              0              0    10737408000              0
Benchmark finished.
finish bench
----------------------------------------------------------
Average Read Ops:	589699200. Average Write Ops:	0
