Init 0 readers and 64 writers.
----------------------------------------------------------
       Time(ms)       Read Ops      Write Ops      Not Found     Total Read    Total Write
           1000              0      608154000              0              0      608154000
           2000              0      598502000              0              0     1206656000
           3000              0      584865000              0              0     1791521000
           4000              0      584564000              0              0     2376085000
           5000              0      585110000              0              0     2961195000
           6000              0      584919000              0              0     3546114000
           7000              0      584664000              0              0     4130778000
           8000              0      585243000              0              0     4716021000
           9000              0      584800000              0              0     5300821000
          10000              0      585015000              0              0     5885836000
          11000              0      584957000              0              0     6470793000
          12000              0      585039000              0              0     7055832000
          13000              0      584976000              0              0     7640808000
          14000              0      584883000              0              0     8225691000
          15000              0      584721000              0              0     8810412000
          16001              0      584682000              0              0     9395094000
          17001              0      584865000              0              0     9979959000
          18001              0      584796000              0              0    10564755000
          19001              0      172653000              0              0    10737408000
Benchmark finished.
finish bench
----------------------------------------------------------
Average Read Ops:	0. Average Write Ops:	584881187
