[INFO] time 0 ms: Opening kvdk instance from /mnt/pmem0/kvdk_benchmark ...
[INFO] time 3877 ms: Map pmem space done
[INFO] time 3878 ms: Populating PMem space ...
[INFO] time 60260 ms: Populating done
[INFO] time 67702 ms: Start restore data
[INFO] time 67704 ms: RestoreData done: iterated 0 records
[INFO] time 67705 ms: Rebuild skiplist done
[INFO] time 67705 ms: Rebuild Lists done
[INFO] time 67705 ms: Rebuild HashLists done
[INFO] time 67706 ms: PMem Usage: 0 B, 0 KB, 0 MB, 0 GB
Init 0 readers and 64 writers.
----------------------------------------------------------
       Time(ms)       Read Ops      Write Ops      Not Found     Total Read    Total Write
           1000              0        3010000              0              0        3010000
           2000              0        2938000              0              0        5948000
           3000              0        2935000              0              0        8883000
           4000              0        2939000              0              0       11822000
           5000              0        2931000              0              0       14753000
           6000              0        2942000              0              0       17695000
           7000              0        2940000              0              0       20635000
           8000              0        2938000              0              0       23573000
           9000              0        2935000              0              0       26508000
          10000              0        2934000              0              0       29442000
          11000              0        2948000              0              0       32390000
          12000              0        2939000              0              0       35329000
          13001              0        2932000              0              0       38261000
          14001              0        2932000              0              0       41193000
          15001              0        2941000              0              0       44134000
          16001              0        2930000              0              0       47064000
          17001              0        2937000              0              0       50001000
          18001              0        2937000              0              0       52938000
          19001              0        2935000              0              0       55873000
          20001              0        2931000              0              0       58804000
          21001              0        2935000              0              0       61739000
          22001              0        2940000              0              0       64679000
          23001              0        2936000              0              0       67615000
          24001              0        2937000              0              0       70552000
          25002              0        2942000              0              0       73494000
          26002              0        2928000              0              0       76422000
          27002              0        2937000              0              0       79359000
          28002              0        2936000              0              0       82295000
          29002              0        2934000              0              0       85229000
          30002              0        2933000              0              0       88162000
          31002              0        2928000              0              0       91090000
          32002              0        2932000              0              0       94022000
          33002              0        2928000              0              0       96950000
          34002              0        2932000              0              0       99882000
          35002              0        2937000              0              0      102819000
          36002              0        2932000              0              0      105751000
          37003              0        2932000              0              0      108683000
          38003              0        2937000              0              0      111620000
          39003              0        2925000              0              0      114545000
          40003              0        2933000              0              0      117478000
          41003              0        2930000              0              0      120408000
          42003              0        2925000              0              0      123333000
          43003              0        2933000              0              0      126266000
          44003              0        2926000              0              0      129192000
          45003              0        2935000              0              0      132127000
          46003              0        2933000              0              0      135060000
          47003              0        2937000              0              0      137997000
          48003              0        2936000              0              0      140933000
          49004              0        2939000              0              0      143872000
          50004              0        2939000              0              0      146811000
          51004              0        2937000              0              0      149748000
          52004              0        2940000              0              0      152688000
          53004              0        2938000              0              0      155626000
          54004              0        2931000              0              0      158557000
          55004              0        2940000              0              0      161497000
          56004              0        2940000              0              0      164437000
          57004              0        2934000              0              0      167371000
          58004              0        2937000              0              0      170308000
          59004              0        2933000              0              0      173241000
          60004              0        2937000              0              0      176178000
          61005              0        2936000              0              0      179114000
          62005              0        2935000              0              0      182049000
          63005              0        2939000              0              0      184988000
          64005              0        2938000              0              0      187926000
          65005              0        2933000              0              0      190859000
          66005              0        2938000              0              0      193797000
          67005              0        2931000              0              0      196728000
          68005              0        2938000              0              0      199666000
          69005              0        2936000              0              0      202602000
          70005              0        2933000              0              0      205535000
          71005              0        2936000              0              0      208471000
          72005              0        2932000              0              0      211403000
          73006              0        2933000              0              0      214336000
          74006              0        2929000              0              0      217265000
          75006              0        2940000              0              0      220205000
          76006              0        2944000              0              0      223149000
          77006              0        2931000              0              0      226080000
          78006              0        2938000              0              0      229018000
          79006              0        2935000              0              0      231953000
          80006              0        2931000              0              0      234884000
          81006              0        2940000              0              0      237824000
          82006              0        2938000              0              0      240762000
          83006              0        2939000              0              0      243701000
          84007              0        2938000              0              0      246639000
          85007              0        2934000              0              0      249573000
          86007              0        2931000              0              0      252504000
          87007              0        2945000              0              0      255449000
          88007              0        2932000              0              0      258381000
          89007              0        2935000              0              0      261316000
          90007              0        2939000              0              0      264255000
          91007              0        2937000              0              0      267192000
          92007              0        2933000              0              0      270125000
          93007              0        2940000              0              0      273065000
          94007              0        2941000              0              0      276006000
          95007              0        2934000              0              0      278940000
          96007              0        2938000              0              0      281878000
          97008              0        2934000              0              0      284812000
          98008              0        2936000              0              0      287748000
          99008              0        2931000              0              0      290679000
         100008              0        2936000              0              0      293615000
         101008              0        2929000              0              0      296544000
         102008              0        2931000              0              0      299475000
         103008              0        2941000              0              0      302416000
         104008              0        2923000              0              0      305339000
         105008              0        2932000              0              0      308271000
         106008              0        3351000              0              0      311622000
         107008              0        2936000              0              0      314558000
         108009              0        2939000              0              0      317497000
         109009              0        2929000              0              0      320426000
         110009              0        2939000              0              0      323365000
         111009              0        2934000              0              0      326299000
         112009              0        2933000              0              0      329232000
         113009              0        2934000              0              0      332166000
         114009              0        2936000              0              0      335102000
         115009              0        2929000              0              0      338031000
         116009              0        2933000              0              0      340964000
         117009              0        2934000              0              0      343898000
         118009              0        2928000              0              0      346826000
         119009              0        2923000              0              0      349749000
         120009              0        2938000              0              0      352687000
         121010              0        2932000              0              0      355619000
         122010              0        2924000              0              0      358543000
         123010              0        2917000              0              0      361460000
         124010              0        2916000              0              0      364376000
         125010              0        2929000              0              0      367305000
         126010              0        2918000              0              0      370223000
         127010              0        2921000              0              0      373144000
         128010              0        2922000              0              0      376066000
         129010              0        2914000              0              0      378980000
         130010              0        2909000              0              0      381889000
         131010              0        2926000              0              0      384815000
         132010              0        2912000              0              0      387727000
         133011              0        2918000              0              0      390645000
         134011              0        2913000              0              0      393558000
         135011              0        2925000              0              0      396483000
         136011              0        2926000              0              0      399409000
         137011              0        2920000              0              0      402329000
         138011              0        2930000              0              0      405259000
         139011              0        2943000              0              0      408202000
         140011              0        2933000              0              0      411135000
         141011              0        2927000              0              0      414062000
         142011              0        2936000              0              0      416998000
         143011              0        2927000              0              0      419925000
         144011              0        2940000              0              0      422865000
         145012              0        2933000              0              0      425798000
         146012              0        2935000              0              0      428733000
         147012              0        2932000              0              0      431665000
         148012              0        2934000              0              0      434599000
         149012              0        2927000              0              0      437526000
         150012              0        2928000              0              0      440454000
         151012              0        3426000              0              0      443880000
         152012              0        2944000              0              0      446824000
         153012              0        2924000              0              0      449748000
         154012              0        2928000              0              0      452676000
         155012              0        2931000              0              0      455607000
         156012              0        2931000              0              0      458538000
         157012              0        3011000              0              0      461549000
         158013              0        3553000              0              0      465102000
         159013              0        2930000              0              0      468032000
         160013              0        2924000              0              0      470956000
         161013              0        2925000              0              0      473881000
         162013              0        2929000              0              0      476810000
         163013              0        2922000              0              0      479732000
         164013              0        2926000              0              0      482658000
         165013              0        2914000              0              0      485572000
         166013              0        2932000              0              0      488504000
         167013              0        2933000              0              0      491437000
         168013              0        2924000              0              0      494361000
         169013              0        2931000              0              0      497292000
         170014              0        3328000              0              0      500620000
         171014              0        3795000              0              0      504415000
         172014              0        3141000              0              0      507556000
         173014              0        2930000              0              0      510486000
         174014              0        2942000              0              0      513428000
         175014              0        2931000              0              0      516359000
         176014              0        2932000              0              0      519291000
         177014              0        3053000              0              0      522344000
         178014              0        3259000              0              0      525603000
         179014              0        3599000              0              0      529202000
         180014              0        3803000              0              0      533005000
         181014              0        3802000              0              0      536807000
         182015              0          25000              0              0      536832000
Benchmark finished.
finish bench
----------------------------------------------------------
Average Read Ops:	0. Average Write Ops:	2960994
[INFO] time 249728 ms: Closing instance ... 
[INFO] time 249729 ms: Waiting bg threads exit ... 
[INFO] time 249735 ms: PMem Usage: 103079229440 B, 100663310 KB, 98304 MB, 96 GB
[INFO] time 249735 ms: Cleaner Thread Num: 1
[INFO] time 249736 ms: PMem Usage: 103079229440 B, 100663310 KB, 98304 MB, 96 GB
[INFO] time 249736 ms: Instance closed
