[INFO] time 0 ms: Opening kvdk instance from /mnt/pmem0/kvdk_benchmark ...
[INFO] time 3826 ms: Map pmem space done
[INFO] time 3826 ms: Populating PMem space ...
[INFO] time 60053 ms: Populating done
[INFO] time 67427 ms: Start restore data
[INFO] time 67429 ms: RestoreData done: iterated 0 records
[INFO] time 67429 ms: Rebuild skiplist done
[INFO] time 67429 ms: Rebuild Lists done
[INFO] time 67430 ms: Rebuild HashLists done
[INFO] time 67430 ms: PMem Usage: 0 B, 0 KB, 0 MB, 0 GB
Init 0 readers and 64 writers.
----------------------------------------------------------
       Time(ms)       Read Ops      Write Ops      Not Found     Total Read    Total Write
           1000              0        6429000              0              0        6429000
           2000              0        7052000              0              0       13481000
           3000              0        7052000              0              0       20533000
           4000              0        7055000              0              0       27588000
           5000              0        7058000              0              0       34646000
           6000              0        7046000              0              0       41692000
           7000              0        7035000              0              0       48727000
           8000              0        7015000              0              0       55742000
           9000              0        7001000              0              0       62743000
          10000              0        6992000              0              0       69735000
          11000              0        6980000              0              0       76715000
          12000              0        6991000              0              0       83706000
          13001              0        7005000              0              0       90711000
          14001              0        6998000              0              0       97709000
          15001              0        6994000              0              0      104703000
          16001              0        6951000              0              0      111654000
          17001              0        6964000              0              0      118618000
          18001              0        6955000              0              0      125573000
          19001              0        6957000              0              0      132530000
          20001              0        6982000              0              0      139512000
          21001              0        6995000              0              0      146507000
          22001              0        6986000              0              0      153493000
          23001              0        6967000              0              0      160460000
          24001              0        6960000              0              0      167420000
          25001              0        6975000              0              0      174395000
          26002              0        6998000              0              0      181393000
          27002              0        6951000              0              0      188344000
          28002              0        6968000              0              0      195312000
          29002              0        6961000              0              0      202273000
          30002              0        6948000              0              0      209221000
          31002              0        6933000              0              0      216154000
          32002              0        6941000              0              0      223095000
          33002              0        6999000              0              0      230094000
          34002              0        7018000              0              0      237112000
          35002              0        6994000              0              0      244106000
          36002              0        6984000              0              0      251090000
          37002              0        6992000              0              0      258082000
          38003              0        7009000              0              0      265091000
          39003              0        6977000              0              0      272068000
          40003              0        6883000              0              0      278951000
          41003              0        6869000              0              0      285820000
          42003              0        6921000              0              0      292741000
          43003              0        6907000              0              0      299648000
          44003              0        6899000              0              0      306547000
          45003              0        6855000              0              0      313402000
          46003              0        6908000              0              0      320310000
          47003              0        6939000              0              0      327249000
          48003              0        6968000              0              0      334217000
          49003              0        6968000              0              0      341185000
          50003              0        6968000              0              0      348153000
          51004              0        6945000              0              0      355098000
          52004              0        6954000              0              0      362052000
          53004              0        6881000              0              0      368933000
          54004              0        6860000              0              0      375793000
          55004              0        6864000              0              0      382657000
          56004              0        6879000              0              0      389536000
          57004              0        6862000              0              0      396398000
          58004              0        6824000              0              0      403222000
          59004              0        6888000              0              0      410110000
          60004              0        6909000              0              0      417019000
          61004              0        6905000              0              0      423924000
          62004              0        6924000              0              0      430848000
          63004              0        6933000              0              0      437781000
          64005              0        6916000              0              0      444697000
          65005              0        6969000              0              0      451666000
          66005              0        6933000              0              0      458599000
          67005              0        6932000              0              0      465531000
          68005              0        6912000              0              0      472443000
          69005              0        6901000              0              0      479344000
          70005              0        6911000              0              0      486255000
          71005              0        6904000              0              0      493159000
          72005              0        6943000              0              0      500102000
          73005              0        6927000              0              0      507029000
          74005              0        6922000              0              0      513951000
          75006              0        6912000              0              0      520863000
          76006              0        6922000              0              0      527785000
          77006              0        6773000              0              0      534558000
          78006              0        2274000              0              0      536832000
Benchmark finished.
finish bench
----------------------------------------------------------
Average Read Ops:	0. Average Write Ops:	6950054
[INFO] time 145441 ms: Closing instance ... 
[INFO] time 145442 ms: Waiting bg threads exit ... 
[INFO] time 145491 ms: PMem Usage: 103079229440 B, 100663310 KB, 98304 MB, 96 GB
[INFO] time 145493 ms: PMem Usage: 103079229440 B, 100663310 KB, 98304 MB, 96 GB
[INFO] time 145493 ms: Instance closed
