[INFO] time 0 ms: Opening kvdk instance from /mnt/pmem0/kvdk_benchmark ...
[INFO] time 3896 ms: Map pmem space done
[INFO] time 3896 ms: Populating PMem space ...
[INFO] time 57893 ms: Populating done
[INFO] time 65354 ms: Start restore data
[INFO] time 65356 ms: RestoreData done: iterated 0 records
[INFO] time 65356 ms: Rebuild skiplist done
[INFO] time 65356 ms: Rebuild Lists done
[INFO] time 65356 ms: Rebuild HashLists done
[INFO] time 65357 ms: PMem Usage: 0 B, 0 KB, 0 MB, 0 GB
Create 16 Sorted Collections
Init 0 readers and 64 writers.
----------------------------------------------------------
       Time(ms)       Read Ops      Write Ops      Not Found     Total Read    Total Write
           1000              0        2675000              0              0        2675000
           2000              0        6619000              0              0        9294000
           3000              0       10155000              0              0       19449000
           4000              0        9747000              0              0       29196000
           5000              0        9588000              0              0       38784000
           6000              0        9544000              0              0       48328000
           7000              0        9390000              0              0       57718000
           8000              0        9393000              0              0       67111000
           9000              0        9323000              0              0       76434000
          10000              0        9245000              0              0       85679000
          11000              0        9240000              0              0       94919000
          12001              0        9253000              0              0      104172000
          13001              0        9229000              0              0      113401000
          14001              0        9170000              0              0      122571000
          15001              0        9156000              0              0      131727000
          16001              0        9100000              0              0      140827000
          17001              0        9058000              0              0      149885000
          18001              0        9085000              0              0      158970000
          19001              0        8993000              0              0      167963000
          20001              0        8991000              0              0      176954000
          21001              0        8929000              0              0      185883000
          22001              0        8930000              0              0      194813000
          23002              0        8896000              0              0      203709000
          24002              0        8862000              0              0      212571000
          25002              0        8832000              0              0      221403000
          26002              0        8802000              0              0      230205000
          27002              0        8798000              0              0      239003000
          28002              0        8799000              0              0      247802000
          29002              0        8768000              0              0      256570000
          30002              0        8707000              0              0      265277000
          31002              0        8704000              0              0      273981000
          32002              0        8704000              0              0      282685000
          33002              0        8670000              0              0      291355000
          34003              0        8671000              0              0      300026000
          35003              0        8609000              0              0      308635000
          36003              0        8610000              0              0      317245000
          37003              0        8637000              0              0      325882000
          38003              0        8577000              0              0      334459000
          39003              0        8575000              0              0      343034000
          40003              0        8553000              0              0      351587000
          41003              0        8538000              0              0      360125000
          42003              0        8573000              0              0      368698000
          43003              0        8512000              0              0      377210000
          44004              0        8512000              0              0      385722000
          45004              0        8481000              0              0      394203000
          46004              0        8482000              0              0      402685000
          47004              0        8448000              0              0      411133000
          48004              0        8469000              0              0      419602000
          49004              0        8427000              0              0      428029000
          50004              0        8448000              0              0      436477000
          51004              0        8384000              0              0      444861000
          52004              0        8414000              0              0      453275000
          53004              0        8415000              0              0      461690000
          54004              0        8385000              0              0      470075000
          55005              0        8353000              0              0      478428000
          56005              0        8353000              0              0      486781000
          57005              0        8382000              0              0      495163000
          58005              0        8322000              0              0      503485000
          59005              0        8320000              0              0      511805000
          60005              0        8320000              0              0      520125000
          61005              0        8320000              0              0      528445000
          62005              0        8198000              0              0      536643000
          63005              0         189000              0              0      536832000
Benchmark finished.
finish bench
----------------------------------------------------------
Average Read Ops:	0. Average Write Ops:	8799169
[INFO] time 128367 ms: Closing instance ... 
[INFO] time 128367 ms: Waiting bg threads exit ... 
[INFO] time 128420 ms: PMem Usage: 103079229440 B, 100663310 KB, 98304 MB, 96 GB
[INFO] time 128420 ms: Cleaner Thread Num: 1
[INFO] time 128421 ms: PMem Usage: 103079229440 B, 100663310 KB, 98304 MB, 96 GB
[INFO] time 128421 ms: Instance closed
