[INFO] time 0 ms: Opening kvdk instance from /mnt/pmem0/kvdk_benchmark ...
[INFO] time 3877 ms: Map pmem space done
[INFO] time 3878 ms: Populating PMem space ...
[INFO] time 59521 ms: Populating done
[INFO] time 66961 ms: Start restore data
[INFO] time 66963 ms: RestoreData done: iterated 0 records
[INFO] time 66964 ms: Rebuild skiplist done
[INFO] time 66964 ms: Rebuild Lists done
[INFO] time 66964 ms: Rebuild HashLists done
[INFO] time 66965 ms: PMem Usage: 0 B, 0 KB, 0 MB, 0 GB
Init 0 readers and 64 writers.
----------------------------------------------------------
       Time(ms)       Read Ops      Write Ops      Not Found     Total Read    Total Write
           1000              0        6373000              0              0        6373000
           2000              0        7040000              0              0       13413000
           3000              0        7066000              0              0       20479000
           4000              0        7073000              0              0       27552000
           5000              0        7068000              0              0       34620000
           6000              0        7063000              0              0       41683000
           7000              0        7076000              0              0       48759000
           8000              0        7062000              0              0       55821000
           9000              0        7074000              0              0       62895000
          10000              0        7069000              0              0       69964000
          11000              0        7061000              0              0       77025000
          12000              0        7066000              0              0       84091000
          13001              0        7067000              0              0       91158000
          14001              0        7006000              0              0       98164000
          15001              0        6999000              0              0      105163000
          16001              0        7057000              0              0      112220000
          17001              0        7000000              0              0      119220000
          18001              0        7065000              0              0      126285000
          19001              0        7065000              0              0      133350000
          20001              0        7065000              0              0      140415000
          21001              0        7057000              0              0      147472000
          22001              0        7070000              0              0      154542000
          23001              0        7057000              0              0      161599000
          24001              0        7068000              0              0      168667000
          25002              0        7068000              0              0      175735000
          26002              0        7058000              0              0      182793000
          27002              0        7055000              0              0      189848000
          28002              0        6996000              0              0      196844000
          29002              0        7069000              0              0      203913000
          30002              0        7047000              0              0      210960000
          31002              0        7058000              0              0      218018000
          32002              0        7050000              0              0      225068000
          33002              0        7053000              0              0      232121000
          34002              0        7045000              0              0      239166000
          35002              0        7046000              0              0      246212000
          36002              0        7051000              0              0      253263000
          37003              0        7053000              0              0      260316000
          38003              0        7041000              0              0      267357000
          39003              0        7050000              0              0      274407000
          40003              0        7050000              0              0      281457000
          41003              0        7044000              0              0      288501000
          42003              0        7043000              0              0      295544000
          43003              0        6986000              0              0      302530000
          44003              0        7055000              0              0      309585000
          45003              0        7043000              0              0      316628000
          46003              0        6987000              0              0      323615000
          47003              0        7047000              0              0      330662000
          48004              0        7039000              0              0      337701000
          49004              0        7039000              0              0      344740000
          50004              0        7045000              0              0      351785000
          51004              0        7029000              0              0      358814000
          52004              0        7047000              0              0      365861000
          53004              0        7032000              0              0      372893000
          54004              0        7037000              0              0      379930000
          55004              0        7032000              0              0      386962000
          56004              0        7029000              0              0      393991000
          57004              0        7029000              0              0      401020000
          58004              0        7029000              0              0      408049000
          59004              0        7039000              0              0      415088000
          60005              0        7030000              0              0      422118000
          61005              0        7030000              0              0      429148000
          62005              0        7030000              0              0      436178000
          63005              0        7022000              0              0      443200000
          64005              0        7029000              0              0      450229000
          65005              0        7022000              0              0      457251000
          66005              0        7022000              0              0      464273000
          67005              0        6958000              0              0      471231000
          68005              0        7026000              0              0      478257000
          69005              0        7020000              0              0      485277000
          70005              0        7018000              0              0      492295000
          71005              0        7009000              0              0      499304000
          72006              0        7021000              0              0      506325000
          73006              0        7014000              0              0      513339000
          74006              0        7013000              0              0      520352000
          75006              0        7016000              0              0      527368000
          76006              0        6850000              0              0      534218000
          77006              0        2614000              0              0      536832000
Benchmark finished.
finish bench
----------------------------------------------------------
Average Read Ops:	0. Average Write Ops:	7040479
[INFO] time 143978 ms: Closing instance ... 
[INFO] time 143979 ms: Waiting bg threads exit ... 
[INFO] time 144026 ms: PMem Usage: 103079229440 B, 100663310 KB, 98304 MB, 96 GB
[INFO] time 144027 ms: Cleaner Thread Num: 1
[INFO] time 144027 ms: PMem Usage: 103079229440 B, 100663310 KB, 98304 MB, 96 GB
[INFO] time 144027 ms: Instance closed
