[INFO] time 0 ms: Opening kvdk instance from /mnt/pmem0/kvdk_benchmark ...
[INFO] time 3875 ms: Map pmem space done
[INFO] time 3875 ms: Populating PMem space ...
[INFO] time 60703 ms: Populating done
[INFO] time 68153 ms: Start restore data
[INFO] time 68157 ms: RestoreData done: iterated 0 records
[INFO] time 68158 ms: Rebuild skiplist done
[INFO] time 68158 ms: Rebuild Lists done
[INFO] time 68159 ms: Rebuild HashLists done
[INFO] time 68159 ms: PMem Usage: 0 B, 0 KB, 0 MB, 0 GB
Create 16 Sorted Collections
Init 0 readers and 64 writers.
----------------------------------------------------------
       Time(ms)       Read Ops      Write Ops      Not Found     Total Read    Total Write
           1000              0        1543000              0              0        1543000
           2000              0        1386000              0              0        2929000
           3000              0        5493000              0              0        8422000
           4000              0        9600000              0              0       18022000
           5000              0        9313000              0              0       27335000
           6000              0        9009000              0              0       36344000
           7000              0        8942000              0              0       45286000
           8000              0        8832000              0              0       54118000
           9000              0        8827000              0              0       62945000
          10000              0        8709000              0              0       71654000
          11001              0        8640000              0              0       80294000
          12001              0        8640000              0              0       88934000
          13001              0        8640000              0              0       97574000
          14001              0        8514000              0              0      106088000
          15001              0        8574000              0              0      114662000
          16001              0        8512000              0              0      123174000
          17001              0        8512000              0              0      131686000
          18001              0        8448000              0              0      140134000
          19001              0        8495000              0              0      148629000
          20001              0        8464000              0              0      157093000
          21001              0        8385000              0              0      165478000
          22001              0        8384000              0              0      173862000
          23002              0        8384000              0              0      182246000
          24002              0        8384000              0              0      190630000
          25002              0        8320000              0              0      198950000
          26002              0        8320000              0              0      207270000
          27002              0        8320000              0              0      215590000
          28002              0        8256000              0              0      223846000
          29002              0        8320000              0              0      232166000
          30002              0        8256000              0              0      240422000
          31002              0        8256000              0              0      248678000
          32002              0        8256000              0              0      256934000
          33003              0        8256000              0              0      265190000
          34003              0        8194000              0              0      273384000
          35003              0        8192000              0              0      281576000
          36003              0        8192000              0              0      289768000
          37003              0        8192000              0              0      297960000
          38003              0        8128000              0              0      306088000
          39003              0        8190000              0              0      314278000
          40003              0        8130000              0              0      322408000
          41003              0        8128000              0              0      330536000
          42003              0        8128000              0              0      338664000
          43003              0        8128000              0              0      346792000
          44004              0        8127000              0              0      354919000
          45004              0        8065000              0              0      362984000
          46004              0        8126000              0              0      371110000
          47004              0        8064000              0              0      379174000
          48004              0        8064000              0              0      387238000
          49004              0        8063000              0              0      395301000
          50004              0        8003000              0              0      403304000
          51004              0        8062000              0              0      411366000
          52004              0        8002000              0              0      419368000
          53004              0        8000000              0              0      427368000
          54004              0        8017000              0              0      435385000
          55005              0        7983000              0              0      443368000
          56005              0        8000000              0              0      451368000
          57005              0        7936000              0              0      459304000
          58005              0        8000000              0              0      467304000
          59005              0        7936000              0              0      475240000
          60005              0        7936000              0              0      483176000
          61005              0        7874000              0              0      491050000
          62005              0        7934000              0              0      498984000
          63005              0        7936000              0              0      506920000
          64005              0        7874000              0              0      514794000
          65005              0        7920000              0              0      522714000
          66006              0        7888000              0              0      530602000
          67006              0        6230000              0              0      536832000
Benchmark finished.
finish bench
----------------------------------------------------------
Average Read Ops:	0. Average Write Ops:	8244890
[INFO] time 135174 ms: Closing instance ... 
[INFO] time 135175 ms: Waiting bg threads exit ... 
[INFO] time 135228 ms: PMem Usage: 103079229440 B, 100663310 KB, 98304 MB, 96 GB
[INFO] time 135229 ms: Cleaner Thread Num: 1
[INFO] time 135229 ms: PMem Usage: 103079229440 B, 100663310 KB, 98304 MB, 96 GB
[INFO] time 135230 ms: Instance closed
