Init 0 readers and 64 writers.
----------------------------------------------------------
       Time(ms)       Read Ops      Write Ops      Not Found     Total Read    Total Write
           1000              0      629118000              0              0      629118000
           2000              0      627520000              0              0     1256638000
           3000              0      603412000              0              0     1860050000
           4000              0      603754000              0              0     2463804000
           5000              0      603353000              0              0     3067157000
           6000              0      603729000              0              0     3670886000
           7000              0      605011000              0              0     4275897000
           8000              0      605157000              0              0     4881054000
           9000              0      604948000              0              0     5486002000
          10000              0      605418000              0              0     6091420000
          11000              0      605335000              0              0     6696755000
          12000              0      604735000              0              0     7301490000
          13000              0      604987000              0              0     7906477000
          14000              0      604987000              0              0     8511464000
          15000              0      604852000              0              0     9116316000
          16001              0      605074000              0              0     9721390000
          17001              0      604511000              0              0    10325901000
          18001              0      411507000              0              0    10737408000
Benchmark finished.
finish bench
----------------------------------------------------------
Average Read Ops:	0. Average Write Ops:	604617533
