Init 0 readers and 64 writers.
----------------------------------------------------------
       Time(ms)       Read Ops      Write Ops      Not Found     Total Read    Total Write
           1000              0      626273000              0              0      626273000
           2000              0      601396000              0              0     1227669000
           3000              0      601507000              0              0     1829176000
           4000              0      601740000              0              0     2430916000
           5000              0      601914000              0              0     3032830000
           6000              0      601293000              0              0     3634123000
           7000              0      601618000              0              0     4235741000
           8000              0      601953000              0              0     4837694000
           9000              0      601789000              0              0     5439483000
          10000              0      602067000              0              0     6041550000
          11000              0      601512000              0              0     6643062000
          12000              0      600978000              0              0     7244040000
          13000              0      601371000              0              0     7845411000
          14000              0      601003000              0              0     8446414000
          15000              0      601036000              0              0     9047450000
          16001              0      601616000              0              0     9649066000
          17001              0      601258000              0              0    10250324000
          18001              0      487084000              0              0    10737408000
Benchmark finished.
finish bench
----------------------------------------------------------
Average Read Ops:	0. Average Write Ops:	601510333
