Init 64 readers and 0 writers.
----------------------------------------------------------
       Time(ms)       Read Ops      Write Ops      Not Found     Total Read    Total Write
           1000      612117000              0              0      612117000              0
           2000      604395000              0              0     1216512000              0
           3000      589682000              0              0     1806194000              0
           4000      590103000              0              0     2396297000              0
           5000      589959000              0              0     2986256000              0
           6000      590141000              0              0     3576397000              0
           7000      590118000              0              0     4166515000              0
           8000      590259000              0              0     4756774000              0
           9000      590070000              0              0     5346844000              0
          10000      589852000              0              0     5936696000              0
          11000      589809000              0              0     6526505000              0
          12000      589672000              0              0     7116177000              0
          13000      590048000              0              0     7706225000              0
          14000      589851000              0              0     8296076000              0
          15000      590144000              0              0     8886220000              0
          16000      589898000              0              0     9476118000              0
          17001      589984000              0              0    10066102000              0
          18001      587860000              0              0    10653962000              0
          19001       83446000              0              0    10737408000              0
Benchmark finished.
finish bench
----------------------------------------------------------
Average Read Ops:	589972666. Average Write Ops:	0
