Init 58 readers and 6 writers.
----------------------------------------------------------
       Time(ms)       Read Ops      Write Ops      Not Found     Total Read    Total Write
           1000      545726000       56157000              0      545726000       56157000
           2000      536432000       55065000              0     1082158000      111222000
           3000      525835000       54005000              0     1607993000      165227000
           4000      525823000       53990000              0     2133816000      219217000
           5000      526008000       53859000              0     2659824000      273076000
           6000      525796000       53659000              0     3185620000      326735000
           7000      525815000       53650000              0     3711435000      380385000
           8000      525551000       53611000              0     4236986000      433996000
           9000      525676000       53600000              0     4762662000      487596000
          10000      525632000       53640000              0     5288294000      541236000
          11000      525906000       53746000              0     5814200000      594982000
          12000      525751000       53864000              0     6339951000      648846000
          13000      525849000       53903000              0     6865800000      702749000
          14000      525725000       53917000              0     7391525000      756666000
          15000      525497000       53936000              0     7917022000      810602000
          16001      525395000       53943000              0     8442417000      864545000
          17001      525620000       53959000              0     8968037000      918504000
          18001      525576000       53950000              0     9493613000      972454000
          19001      237163000       34178000              0     9730776000     1006632000
Benchmark finished.
finish bench
----------------------------------------------------------
Average Read Ops:	525715937. Average Write Ops:	53827000
