Init 0 readers and 64 writers.
----------------------------------------------------------
       Time(ms)       Read Ops      Write Ops      Not Found     Total Read    Total Write
           1000              0      603744000              0              0      603744000
           2000              0      586737000              0              0     1190481000
           3000              0      581249000              0              0     1771730000
           4000              0      580794000              0              0     2352524000
           5000              0      581070000              0              0     2933594000
           6000              0      581127000              0              0     3514721000
           7000              0      581046000              0              0     4095767000
           8000              0      581201000              0              0     4676968000
           9000              0      580835000              0              0     5257803000
          10000              0      581383000              0              0     5839186000
          11000              0      581228000              0              0     6420414000
          12000              0      581102000              0              0     7001516000
          13000              0      581150000              0              0     7582666000
          14000              0      581052000              0              0     8163718000
          15000              0      581222000              0              0     8744940000
          16001              0      581312000              0              0     9326252000
          17001              0      581140000              0              0     9907392000
          18001              0      581178000              0              0    10488570000
          19001              0      248838000              0              0    10737408000
Benchmark finished.
finish bench
----------------------------------------------------------
Average Read Ops:	0. Average Write Ops:	581130562
