[INFO] time 0 ms: Opening kvdk instance from /mnt/pmem0/kvdk_benchmark ...
[INFO] time 3897 ms: Map pmem space done
[INFO] time 3897 ms: Populating PMem space ...
[INFO] time 59096 ms: Populating done
[INFO] time 66538 ms: Start restore data
[INFO] time 66540 ms: RestoreData done: iterated 0 records
[INFO] time 66540 ms: Rebuild skiplist done
[INFO] time 66540 ms: Rebuild Lists done
[INFO] time 66540 ms: Rebuild HashLists done
[INFO] time 66541 ms: PMem Usage: 0 B, 0 KB, 0 MB, 0 GB
Create 16 Sorted Collections
Init 0 readers and 64 writers.
----------------------------------------------------------
       Time(ms)       Read Ops      Write Ops      Not Found     Total Read    Total Write
           1000              0        2927000              0              0        2927000
           2000              0        5981000              0              0        8908000
           3000              0        9281000              0              0       18189000
           4000              0        8895000              0              0       27084000
           5000              0        8768000              0              0       35852000
           6000              0        8639000              0              0       44491000
           7000              0        8515000              0              0       53006000
           8000              0        8510000              0              0       61516000
           9000              0        8450000              0              0       69966000
          10000              0        8384000              0              0       78350000
          11000              0        8384000              0              0       86734000
          12001              0        8382000              0              0       95116000
          13001              0        8260000              0              0      103376000
          14001              0        8316000              0              0      111692000
          15001              0        8256000              0              0      119948000
          16001              0        8196000              0              0      128144000
          17001              0        8253000              0              0      136397000
          18001              0        8191000              0              0      144588000
          19001              0        8139000              0              0      152727000
          20001              0        8182000              0              0      160909000
          21001              0        8128000              0              0      169037000
          22001              0        8128000              0              0      177165000
          23002              0        8127000              0              0      185292000
          24002              0        8065000              0              0      193357000
          25002              0        8064000              0              0      201421000
          26002              0        8004000              0              0      209425000
          27002              0        8059000              0              0      217484000
          28002              0        8001000              0              0      225485000
          29002              0        8002000              0              0      233487000
          30002              0        7997000              0              0      241484000
          31002              0        7941000              0              0      249425000
          32002              0        7995000              0              0      257420000
          33002              0        7936000              0              0      265356000
          34003              0        7873000              0              0      273229000
          35003              0        7872000              0              0      281101000
          36003              0        7872000              0              0      288973000
          37003              0        7808000              0              0      296781000
          38003              0        7807000              0              0      304588000
          39003              0        7808000              0              0      312396000
          40003              0        7845000              0              0      320241000
          41003              0        7838000              0              0      328079000
          42003              0        7869000              0              0      335948000
          43003              0        7809000              0              0      343757000
          44003              0        7812000              0              0      351569000
          45004              0        7806000              0              0      359375000
          46004              0        7804000              0              0      367179000
          47004              0        7682000              0              0      374861000
          48004              0        7680000              0              0      382541000
          49004              0        7680000              0              0      390221000
          50004              0        7679000              0              0      397900000
          51004              0        7683000              0              0      405583000
          52004              0        7744000              0              0      413327000
          53004              0        7746000              0              0      421073000
          54004              0        7744000              0              0      428817000
          55004              0        7740000              0              0      436557000
          56005              0        7743000              0              0      444300000
          57005              0        7681000              0              0      451981000
          58005              0        7684000              0              0      459665000
          59005              0        7739000              0              0      467404000
          60005              0        7621000              0              0      475025000
          61005              0        7680000              0              0      482705000
          62005              0        7676000              0              0      490381000
          63005              0        7679000              0              0      498060000
          64005              0        7619000              0              0      505679000
          65005              0        7618000              0              0      513297000
          66005              0        7675000              0              0      520972000
          67006              0        7616000              0              0      528588000
          68006              0        7616000              0              0      536204000
          69006              0         628000              0              0      536832000
Benchmark finished.
finish bench
----------------------------------------------------------
Average Read Ops:	0. Average Write Ops:	7989333
[INFO] time 135551 ms: Closing instance ... 
[INFO] time 135551 ms: Waiting bg threads exit ... 
[INFO] time 135613 ms: PMem Usage: 103079229440 B, 100663310 KB, 98304 MB, 96 GB
[INFO] time 135613 ms: Cleaner Thread Num: 1
[INFO] time 135614 ms: PMem Usage: 103079229440 B, 100663310 KB, 98304 MB, 96 GB
[INFO] time 135614 ms: Instance closed
