[INFO] time 0 ms: Opening kvdk instance from /mnt/pmem0/kvdk_benchmark ...
[INFO] time 3869 ms: Map pmem space done
[INFO] time 3869 ms: Populating PMem space ...
[INFO] time 58716 ms: Populating done
[INFO] time 66137 ms: Start restore data
[INFO] time 66139 ms: RestoreData done: iterated 0 records
[INFO] time 66139 ms: Rebuild skiplist done
[INFO] time 66139 ms: Rebuild Lists done
[INFO] time 66140 ms: Rebuild HashLists done
[INFO] time 66140 ms: PMem Usage: 0 B, 0 KB, 0 MB, 0 GB
Create 16 Sorted Collections
Init 0 readers and 64 writers.
----------------------------------------------------------
       Time(ms)       Read Ops      Write Ops      Not Found     Total Read    Total Write
           1000              0        2391000              0              0        2391000
           2000              0        3655000              0              0        6046000
           3000              0        9413000              0              0       15459000
           4000              0        9085000              0              0       24544000
           5000              0        8899000              0              0       33443000
           6000              0        8832000              0              0       42275000
           7000              0        8828000              0              0       51103000
           8000              0        8708000              0              0       59811000
           9000              0        8704000              0              0       68515000
          10000              0        8637000              0              0       77152000
          11000              0        8579000              0              0       85731000
          12001              0        8637000              0              0       94368000
          13002              0        8521000              0              0      102889000
          14002              0        8567000              0              0      111456000
          15003              0        8512000              0              0      119968000
          16003              0        8483000              0              0      128451000
          17004              0        8477000              0              0      136928000
          18005              0        8387000              0              0      145315000
          19006              0        8445000              0              0      153760000
          20007              0        8414000              0              0      162174000
          21007              0        8357000              0              0      170531000
          22008              0        8381000              0              0      178912000
          23009              0        8320000              0              0      187232000
          24010              0        8320000              0              0      195552000
          25011              0        8320000              0              0      203872000
          26012              0        8256000              0              0      212128000
          27013              0        8289000              0              0      220417000
          28014              0        8287000              0              0      228704000
          29015              0        8256000              0              0      236960000
          30016              0        8256000              0              0      245216000
          31017              0        8256000              0              0      253472000
          32018              0        8194000              0              0      261666000
          33019              0        8254000              0              0      269920000
          34020              0        8192000              0              0      278112000
          35021              0        8192000              0              0      286304000
          36022              0        8192000              0              0      294496000
          37024              0        8130000              0              0      302626000
          38025              0        8190000              0              0      310816000
          39026              0        8130000              0              0      318946000
          40027              0        8190000              0              0      327136000
          41029              0        8128000              0              0      335264000
          42030              0        8128000              0              0      343392000
          43031              0        8064000              0              0      351456000
          44032              0        8126000              0              0      359582000
          45034              0        8024000              0              0      367606000
          46035              0        8042000              0              0      375648000
          47036              0        8064000              0              0      383712000
          48037              0        8000000              0              0      391712000
          49037              0        8000000              0              0      399712000
          50037              0        8000000              0              0      407712000
          51037              0        8000000              0              0      415712000
          52037              0        8000000              0              0      423712000
          53037              0        7936000              0              0      431648000
          54038              0        8000000              0              0      439648000
          55038              0        7936000              0              0      447584000
          56038              0        7936000              0              0      455520000
          57038              0        7939000              0              0      463459000
          58038              0        7934000              0              0      471393000
          59038              0        7935000              0              0      479328000
          60038              0        7935000              0              0      487263000
          61038              0        7874000              0              0      495137000
          62038              0        7935000              0              0      503072000
          63038              0        7872000              0              0      510944000
          64038              0        7936000              0              0      518880000
          65039              0        7872000              0              0      526752000
          66039              0        7872000              0              0      534624000
          67039              0        2208000              0              0      536832000
Benchmark finished.
finish bench
----------------------------------------------------------
Average Read Ops:	0. Average Write Ops:	8259031
[INFO] time 133182 ms: Closing instance ... 
[INFO] time 133183 ms: Waiting bg threads exit ... 
[INFO] time 133209 ms: PMem Usage: 103079229440 B, 100663310 KB, 98304 MB, 96 GB
[INFO] time 133209 ms: Cleaner Thread Num: 1
[INFO] time 133210 ms: PMem Usage: 103079229440 B, 100663310 KB, 98304 MB, 96 GB
[INFO] time 133210 ms: Instance closed
