[INFO] time 0 ms: Opening kvdk instance from /mnt/pmem0/kvdk_benchmark ...
[INFO] time 3882 ms: Map pmem space done
[INFO] time 3882 ms: Populating PMem space ...
[INFO] time 59973 ms: Populating done
[INFO] time 67454 ms: Start restore data
[INFO] time 67456 ms: RestoreData done: iterated 0 records
[INFO] time 67457 ms: Rebuild skiplist done
[INFO] time 67458 ms: Rebuild Lists done
[INFO] time 67460 ms: Rebuild HashLists done
[INFO] time 67461 ms: PMem Usage: 0 B, 0 KB, 0 MB, 0 GB
Init 0 readers and 64 writers.
----------------------------------------------------------
       Time(ms)       Read Ops      Write Ops      Not Found     Total Read    Total Write
           1000              0        3904000              0              0        3904000
           2000              0        3744000              0              0        7648000
           3000              0        3732000              0              0       11380000
           4000              0        3734000              0              0       15114000
           5000              0        3740000              0              0       18854000
           6000              0        3731000              0              0       22585000
           7000              0        3739000              0              0       26324000
           8000              0        3737000              0              0       30061000
           9000              0        3739000              0              0       33800000
          10000              0        3734000              0              0       37534000
          11000              0        3735000              0              0       41269000
          12001              0        3735000              0              0       45004000
          13001              0        3741000              0              0       48745000
          14001              0        3743000              0              0       52488000
          15001              0        3725000              0              0       56213000
          16001              0        3744000              0              0       59957000
          17001              0        3737000              0              0       63694000
          18001              0        3737000              0              0       67431000
          19001              0        3745000              0              0       71176000
          20001              0        3738000              0              0       74914000
          21001              0        3741000              0              0       78655000
          22001              0        3736000              0              0       82391000
          23001              0        3736000              0              0       86127000
          24002              0        3737000              0              0       89864000
          25002              0        3738000              0              0       93602000
          26002              0        3741000              0              0       97343000
          27002              0        3748000              0              0      101091000
          28002              0        3735000              0              0      104826000
          29002              0        3745000              0              0      108571000
          30002              0        3737000              0              0      112308000
          31002              0        3742000              0              0      116050000
          32002              0        3745000              0              0      119795000
          33002              0        3744000              0              0      123539000
          34002              0        3738000              0              0      127277000
          35003              0        3743000              0              0      131020000
          36003              0        3740000              0              0      134760000
          37003              0        3743000              0              0      138503000
          38003              0        3748000              0              0      142251000
          39003              0        3733000              0              0      145984000
          40003              0        3743000              0              0      149727000
          41003              0        3736000              0              0      153463000
          42003              0        3746000              0              0      157209000
          43003              0        3737000              0              0      160946000
          44003              0        3737000              0              0      164683000
          45003              0        3743000              0              0      168426000
          46004              0        3744000              0              0      172170000
          47004              0        3744000              0              0      175914000
          48004              0        3738000              0              0      179652000
          49004              0        3738000              0              0      183390000
          50004              0        3734000              0              0      187124000
          51004              0        3743000              0              0      190867000
          52004              0        3737000              0              0      194604000
          53004              0        3743000              0              0      198347000
          54004              0        3736000              0              0      202083000
          55004              0        3742000              0              0      205825000
          56004              0        3738000              0              0      209563000
          57005              0        3741000              0              0      213304000
          58005              0        3744000              0              0      217048000
          59005              0        3743000              0              0      220791000
          60005              0        3739000              0              0      224530000
          61005              0        3746000              0              0      228276000
          62005              0        3743000              0              0      232019000
          63005              0        3741000              0              0      235760000
          64005              0        3738000              0              0      239498000
          65005              0        3747000              0              0      243245000
          66005              0        3738000              0              0      246983000
          67005              0        3744000              0              0      250727000
          68006              0        3735000              0              0      254462000
          69006              0        3746000              0              0      258208000
          70006              0        3740000              0              0      261948000
          71006              0        3742000              0              0      265690000
          72006              0        3742000              0              0      269432000
          73006              0        3735000              0              0      273167000
          74006              0        3746000              0              0      276913000
          75006              0        3745000              0              0      280658000
          76006              0        3737000              0              0      284395000
          77006              0        3745000              0              0      288140000
          78006              0        3748000              0              0      291888000
          79006              0        3739000              0              0      295627000
          80007              0        3745000              0              0      299372000
          81007              0        3738000              0              0      303110000
          82007              0        3745000              0              0      306855000
          83007              0        4845000              0              0      311700000
          84007              0        5072000              0              0      316772000
          85007              0        5080000              0              0      321852000
          86007              0        5071000              0              0      326923000
          87007              0        5066000              0              0      331989000
          88007              0        3930000              0              0      335919000
          89007              0        3740000              0              0      339659000
          90007              0        3741000              0              0      343400000
          91007              0        3747000              0              0      347147000
          92008              0        3738000              0              0      350885000
          93008              0        3750000              0              0      354635000
          94008              0        3745000              0              0      358380000
          95008              0        3742000              0              0      362122000
          96008              0        3739000              0              0      365861000
          97008              0        3734000              0              0      369595000
          98008              0        3743000              0              0      373338000
          99008              0        3747000              0              0      377085000
         100008              0        3736000              0              0      380821000
         101008              0        3741000              0              0      384562000
         102008              0        3738000              0              0      388300000
         103009              0        3744000              0              0      392044000
         104009              0        3745000              0              0      395789000
         105009              0        3736000              0              0      399525000
         106009              0        3740000              0              0      403265000
         107009              0        3743000              0              0      407008000
         108009              0        3739000              0              0      410747000
         109009              0        3741000              0              0      414488000
         110009              0        3746000              0              0      418234000
         111009              0        3733000              0              0      421967000
         112009              0        3741000              0              0      425708000
         113009              0        3741000              0              0      429449000
         114009              0        3739000              0              0      433188000
         115010              0        3744000              0              0      436932000
         116010              0        3743000              0              0      440675000
         117010              0        3739000              0              0      444414000
         118010              0        3735000              0              0      448149000
         119010              0        3744000              0              0      451893000
         120010              0        3737000              0              0      455630000
         121010              0        3740000              0              0      459370000
         122010              0        3922000              0              0      463292000
         123010              0        5061000              0              0      468353000
         124010              0        5057000              0              0      473410000
         125010              0        5056000              0              0      478466000
         126010              0        5058000              0              0      483524000
         127011              0        5056000              0              0      488580000
         128011              0        4331000              0              0      492911000
         129011              0        3736000              0              0      496647000
         130011              0        3740000              0              0      500387000
         131011              0        3740000              0              0      504127000
         132011              0        3736000              0              0      507863000
         133011              0        3734000              0              0      511597000
         134011              0        3738000              0              0      515335000
         135011              0        3734000              0              0      519069000
         136011              0        3735000              0              0      522804000
         137011              0        3733000              0              0      526537000
         138011              0        3731000              0              0      530268000
         139012              0        3744000              0              0      534012000
         140012              0        2820000              0              0      536832000
Benchmark finished.
finish bench
----------------------------------------------------------
Average Read Ops:	0. Average Write Ops:	3842072
[INFO] time 207480 ms: Closing instance ... 
[INFO] time 207481 ms: Waiting bg threads exit ... 
[INFO] time 207482 ms: PMem Usage: 103079229440 B, 100663310 KB, 98304 MB, 96 GB
[INFO] time 207483 ms: Cleaner Thread Num: 1
[INFO] time 207483 ms: PMem Usage: 103079229440 B, 100663310 KB, 98304 MB, 96 GB
[INFO] time 207483 ms: Instance closed
