[INFO] time 0 ms: Opening kvdk instance from /mnt/pmem0/kvdk_benchmark ...
[INFO] time 3875 ms: Map pmem space done
[INFO] time 3875 ms: Populating PMem space ...
[INFO] time 57193 ms: Populating done
[INFO] time 64656 ms: Start restore data
[INFO] time 64658 ms: RestoreData done: iterated 0 records
[INFO] time 64658 ms: Rebuild skiplist done
[INFO] time 64658 ms: Rebuild Lists done
[INFO] time 64658 ms: Rebuild HashLists done
[INFO] time 64659 ms: PMem Usage: 0 B, 0 KB, 0 MB, 0 GB
Init 0 readers and 64 writers.
----------------------------------------------------------
       Time(ms)       Read Ops      Write Ops      Not Found     Total Read    Total Write
           1000              0        6285000              0              0        6285000
           2000              0        7041000              0              0       13326000
           3000              0        7052000              0              0       20378000
           4000              0        7054000              0              0       27432000
           5000              0        7041000              0              0       34473000
           6000              0        7012000              0              0       41485000
           7000              0        7040000              0              0       48525000
           8000              0        7035000              0              0       55560000
           9000              0        7044000              0              0       62604000
          10000              0        7036000              0              0       69640000
          11000              0        7005000              0              0       76645000
          12000              0        7058000              0              0       83703000
          13001              0        7030000              0              0       90733000
          14001              0        7057000              0              0       97790000
          15001              0        7056000              0              0      104846000
          16001              0        7040000              0              0      111886000
          17001              0        7051000              0              0      118937000
          18001              0        7049000              0              0      125986000
          19001              0        6996000              0              0      132982000
          20001              0        7029000              0              0      140011000
          21001              0        7008000              0              0      147019000
          22001              0        7048000              0              0      154067000
          23001              0        7058000              0              0      161125000
          24001              0        7035000              0              0      168160000
          25002              0        7046000              0              0      175206000
          26002              0        7018000              0              0      182224000
          27002              0        7058000              0              0      189282000
          28002              0        7054000              0              0      196336000
          29002              0        7052000              0              0      203388000
          30002              0        7059000              0              0      210447000
          31002              0        7042000              0              0      217489000
          32002              0        7045000              0              0      224534000
          33002              0        7033000              0              0      231567000
          34002              0        7044000              0              0      238611000
          35002              0        7042000              0              0      245653000
          36002              0        7028000              0              0      252681000
          37002              0        7043000              0              0      259724000
          38003              0        7020000              0              0      266744000
          39003              0        7033000              0              0      273777000
          40003              0        7050000              0              0      280827000
          41003              0        7016000              0              0      287843000
          42003              0        7046000              0              0      294889000
          43003              0        7033000              0              0      301922000
          44003              0        6986000              0              0      308908000
          45003              0        7041000              0              0      315949000
          46003              0        7001000              0              0      322950000
          47003              0        7033000              0              0      329983000
          48003              0        7031000              0              0      337014000
          49003              0        7036000              0              0      344050000
          50004              0        7032000              0              0      351082000
          51004              0        7012000              0              0      358094000
          52004              0        7037000              0              0      365131000
          53004              0        7030000              0              0      372161000
          54004              0        7025000              0              0      379186000
          55004              0        7032000              0              0      386218000
          56004              0        7005000              0              0      393223000
          57004              0        6965000              0              0      400188000
          58004              0        7001000              0              0      407189000
          59004              0        7015000              0              0      414204000
          60004              0        7021000              0              0      421225000
          61004              0        6998000              0              0      428223000
          62005              0        7021000              0              0      435244000
          63005              0        7008000              0              0      442252000
          64005              0        7005000              0              0      449257000
          65005              0        6991000              0              0      456248000
          66005              0        6995000              0              0      463243000
          67005              0        7009000              0              0      470252000
          68005              0        7007000              0              0      477259000
          69005              0        7009000              0              0      484268000
          70005              0        6972000              0              0      491240000
          71005              0        6975000              0              0      498215000
          72005              0        6999000              0              0      505214000
          73005              0        6994000              0              0      512208000
          74006              0        6994000              0              0      519202000
          75006              0        6978000              0              0      526180000
          76006              0        6907000              0              0      533087000
          77006              0        3745000              0              0      536832000
Benchmark finished.
finish bench
----------------------------------------------------------
Average Read Ops:	0. Average Write Ops:	7025397
[INFO] time 141669 ms: Closing instance ... 
[INFO] time 141669 ms: Waiting bg threads exit ... 
[INFO] time 141719 ms: PMem Usage: 103079229440 B, 100663310 KB, 98304 MB, 96 GB
[INFO] time 141719 ms: Cleaner Thread Num: 1
[INFO] time 141720 ms: PMem Usage: 103079229440 B, 100663310 KB, 98304 MB, 96 GB
[INFO] time 141720 ms: Instance closed
