[INFO] time 0 ms: Opening kvdk instance from /mnt/pmem0/kvdk_benchmark ...
[INFO] time 3831 ms: Map pmem space done
[INFO] time 3832 ms: Populating PMem space ...
[INFO] time 59137 ms: Populating done
[INFO] time 66493 ms: Start restore data
[INFO] time 66495 ms: RestoreData done: iterated 0 records
[INFO] time 66496 ms: Rebuild skiplist done
[INFO] time 66496 ms: Rebuild Lists done
[INFO] time 66496 ms: Rebuild HashLists done
[INFO] time 66497 ms: PMem Usage: 0 B, 0 KB, 0 MB, 0 GB
Init 0 readers and 64 writers.
----------------------------------------------------------
       Time(ms)       Read Ops      Write Ops      Not Found     Total Read    Total Write
           1000              0        6429000              0              0        6429000
           2000              0        7042000              0              0       13471000
           3000              0        7050000              0              0       20521000
           4000              0        7064000              0              0       27585000
           5000              0        7057000              0              0       34642000
           6000              0        7061000              0              0       41703000
           7000              0        7062000              0              0       48765000
           8000              0        7052000              0              0       55817000
           9000              0        7060000              0              0       62877000
          10000              0        7057000              0              0       69934000
          11000              0        7051000              0              0       76985000
          12001              0        7056000              0              0       84041000
          13001              0        7056000              0              0       91097000
          14001              0        7063000              0              0       98160000
          15001              0        7049000              0              0      105209000
          16001              0        7054000              0              0      112263000
          17001              0        7056000              0              0      119319000
          18001              0        7062000              0              0      126381000
          19001              0        7060000              0              0      133441000
          20001              0        7049000              0              0      140490000
          21001              0        7036000              0              0      147526000
          22001              0        7054000              0              0      154580000
          23001              0        7057000              0              0      161637000
          24001              0        7049000              0              0      168686000
          25002              0        7051000              0              0      175737000
          26002              0        7037000              0              0      182774000
          27002              0        7048000              0              0      189822000
          28002              0        7049000              0              0      196871000
          29002              0        7046000              0              0      203917000
          30002              0        7047000              0              0      210964000
          31002              0        7039000              0              0      218003000
          32002              0        7041000              0              0      225044000
          33002              0        7041000              0              0      232085000
          34002              0        7041000              0              0      239126000
          35002              0        7043000              0              0      246169000
          36002              0        7039000              0              0      253208000
          37003              0        7051000              0              0      260259000
          38003              0        7032000              0              0      267291000
          39003              0        7035000              0              0      274326000
          40003              0        7024000              0              0      281350000
          41003              0        7023000              0              0      288373000
          42003              0        7032000              0              0      295405000
          43003              0        7025000              0              0      302430000
          44003              0        7027000              0              0      309457000
          45003              0        7013000              0              0      316470000
          46003              0        7018000              0              0      323488000
          47003              0        7015000              0              0      330503000
          48003              0        7025000              0              0      337528000
          49003              0        7015000              0              0      344543000
          50004              0        7017000              0              0      351560000
          51004              0        7010000              0              0      358570000
          52004              0        7023000              0              0      365593000
          53004              0        7023000              0              0      372616000
          54004              0        7020000              0              0      379636000
          55004              0        7021000              0              0      386657000
          56004              0        7025000              0              0      393682000
          57004              0        7024000              0              0      400706000
          58004              0        7023000              0              0      407729000
          59004              0        7022000              0              0      414751000
          60004              0        7023000              0              0      421774000
          61004              0        7015000              0              0      428789000
          62004              0        7016000              0              0      435805000
          63005              0        7028000              0              0      442833000
          64005              0        7015000              0              0      449848000
          65005              0        7014000              0              0      456862000
          66005              0        7006000              0              0      463868000
          67005              0        7014000              0              0      470882000
          68005              0        7022000              0              0      477904000
          69005              0        7009000              0              0      484913000
          70005              0        7009000              0              0      491922000
          71005              0        7006000              0              0      498928000
          72005              0        7013000              0              0      505941000
          73005              0        7012000              0              0      512953000
          74005              0        7007000              0              0      519960000
          75006              0        7008000              0              0      526968000
          76006              0        6918000              0              0      533886000
          77006              0        2946000              0              0      536832000
Benchmark finished.
finish bench
----------------------------------------------------------
Average Read Ops:	0. Average Write Ops:	7034205
[INFO] time 143510 ms: Closing instance ... 
[INFO] time 143510 ms: Waiting bg threads exit ... 
[INFO] time 143558 ms: PMem Usage: 103079229440 B, 100663310 KB, 98304 MB, 96 GB
[INFO] time 143559 ms: PMem Usage: 103079229440 B, 100663310 KB, 98304 MB, 96 GB
[INFO] time 143559 ms: Instance closed
