[INFO] time 0 ms: Opening kvdk instance from /mnt/pmem0/kvdk_benchmark ...
[INFO] time 3873 ms: Map pmem space done
[INFO] time 3873 ms: Populating PMem space ...
[INFO] time 58668 ms: Populating done
[INFO] time 66105 ms: Start restore data
[INFO] time 66107 ms: RestoreData done: iterated 0 records
[INFO] time 66107 ms: Rebuild skiplist done
[INFO] time 66107 ms: Rebuild Lists done
[INFO] time 66107 ms: Rebuild HashLists done
[INFO] time 66108 ms: PMem Usage: 0 B, 0 KB, 0 MB, 0 GB
Init 0 readers and 64 writers.
----------------------------------------------------------
       Time(ms)       Read Ops      Write Ops      Not Found     Total Read    Total Write
           1000              0        4034000              0              0        4034000
           2000              0        4089000              0              0        8123000
           3000              0        4091000              0              0       12214000
           4000              0        4085000              0              0       16299000
           5000              0        4082000              0              0       20381000
           6000              0        4094000              0              0       24475000
           7000              0        4085000              0              0       28560000
           8000              0        4094000              0              0       32654000
           9000              0        4092000              0              0       36746000
          10000              0        4090000              0              0       40836000
          11000              0        4088000              0              0       44924000
          12000              0        4085000              0              0       49009000
          13000              0        4091000              0              0       53100000
          14001              0        4078000              0              0       57178000
          15001              0        4086000              0              0       61264000
          16001              0        4089000              0              0       65353000
          17001              0        4086000              0              0       69439000
          18001              0        4092000              0              0       73531000
          19001              0        4085000              0              0       77616000
          20001              0        4083000              0              0       81699000
          21001              0        4093000              0              0       85792000
          22001              0        4083000              0              0       89875000
          23001              0        4093000              0              0       93968000
          24001              0        4095000              0              0       98063000
          25001              0        4086000              0              0      102149000
          26001              0        4093000              0              0      106242000
          27001              0        4095000              0              0      110337000
          28001              0        4084000              0              0      114421000
          29002              0        4090000              0              0      118511000
          30002              0        4097000              0              0      122608000
          31002              0        4088000              0              0      126696000
          32002              0        4091000              0              0      130787000
          33002              0        4091000              0              0      134878000
          34002              0        4088000              0              0      138966000
          35002              0        4086000              0              0      143052000
          36002              0        4086000              0              0      147138000
          37002              0        4087000              0              0      151225000
          38002              0        4086000              0              0      155311000
          39002              0        4083000              0              0      159394000
          40002              0        4087000              0              0      163481000
          41002              0        4094000              0              0      167575000
          42002              0        4088000              0              0      171663000
          43002              0        4086000              0              0      175749000
          44003              0        4090000              0              0      179839000
          45003              0        4091000              0              0      183930000
          46003              0        4088000              0              0      188018000
          47003              0        4086000              0              0      192104000
          48003              0        4090000              0              0      196194000
          49003              0        4095000              0              0      200289000
          50003              0        4087000              0              0      204376000
          51003              0        4090000              0              0      208466000
          52003              0        4090000              0              0      212556000
          53003              0        4094000              0              0      216650000
          54003              0        4090000              0              0      220740000
          55003              0        4082000              0              0      224822000
          56003              0        4086000              0              0      228908000
          57003              0        4093000              0              0      233001000
          58003              0        4094000              0              0      237095000
          59004              0        4084000              0              0      241179000
          60004              0        4088000              0              0      245267000
          61004              0        4089000              0              0      249356000
          62004              0        4085000              0              0      253441000
          63004              0        4089000              0              0      257530000
          64004              0        4088000              0              0      261618000
          65004              0        4086000              0              0      265704000
          66004              0        4083000              0              0      269787000
          67004              0        4092000              0              0      273879000
          68004              0        4097000              0              0      277976000
          69004              0        4085000              0              0      282061000
          70004              0        4093000              0              0      286154000
          71004              0        4090000              0              0      290244000
          72004              0        4088000              0              0      294332000
          73004              0        4092000              0              0      298424000
          74005              0        4094000              0              0      302518000
          75005              0        4087000              0              0      306605000
          76005              0        4094000              0              0      310699000
          77005              0        4083000              0              0      314782000
          78005              0        4095000              0              0      318877000
          79005              0        4086000              0              0      322963000
          80005              0        4084000              0              0      327047000
          81005              0        4084000              0              0      331131000
          82005              0        4093000              0              0      335224000
          83005              0        4086000              0              0      339310000
          84005              0        4085000              0              0      343395000
          85005              0        4085000              0              0      347480000
          86005              0        4094000              0              0      351574000
          87005              0        4087000              0              0      355661000
          88005              0        4084000              0              0      359745000
          89006              0        4090000              0              0      363835000
          90006              0        4093000              0              0      367928000
          91006              0        4089000              0              0      372017000
          92006              0        4089000              0              0      376106000
          93006              0        4094000              0              0      380200000
          94006              0        4095000              0              0      384295000
          95006              0        4089000              0              0      388384000
          96006              0        4095000              0              0      392479000
          97006              0        4088000              0              0      396567000
          98006              0        4094000              0              0      400661000
          99006              0        4085000              0              0      404746000
         100006              0        4088000              0              0      408834000
         101006              0        4085000              0              0      412919000
         102006              0        4091000              0              0      417010000
         103007              0        4088000              0              0      421098000
         104007              0        4088000              0              0      425186000
         105007              0        4089000              0              0      429275000
         106007              0        4089000              0              0      433364000
         107007              0        4085000              0              0      437449000
         108007              0        4092000              0              0      441541000
         109007              0        4084000              0              0      445625000
         110007              0        4053000              0              0      449678000
         111007              0        4085000              0              0      453763000
         112007              0        4096000              0              0      457859000
         113007              0        4092000              0              0      461951000
         114007              0        4101000              0              0      466052000
         115007              0        4093000              0              0      470145000
         116007              0        4097000              0              0      474242000
         117007              0        4091000              0              0      478333000
         118008              0        4091000              0              0      482424000
         119008              0        4088000              0              0      486512000
         120008              0        4096000              0              0      490608000
         121008              0        4087000              0              0      494695000
         122008              0        4087000              0              0      498782000
         123008              0        4084000              0              0      502866000
         124008              0        4092000              0              0      506958000
         125008              0        4088000              0              0      511046000
         126008              0        4085000              0              0      515131000
         127008              0        4089000              0              0      519220000
         128008              0        4092000              0              0      523312000
         129008              0        4085000              0              0      527397000
         130008              0        4085000              0              0      531482000
         131008              0        4091000              0              0      535573000
         132009              0        1259000              0              0      536832000
Benchmark finished.
finish bench
----------------------------------------------------------
Average Read Ops:	0. Average Write Ops:	4088759
[INFO] time 198122 ms: Closing instance ... 
[INFO] time 198122 ms: Waiting bg threads exit ... 
[INFO] time 199123 ms: PMem Usage: 103079229440 B, 100663310 KB, 98304 MB, 96 GB
[INFO] time 199123 ms: Cleaner Thread Num: 1
[INFO] time 199123 ms: PMem Usage: 103079229440 B, 100663310 KB, 98304 MB, 96 GB
[INFO] time 199124 ms: Instance closed
