[INFO] time 0 ms: Opening kvdk instance from /mnt/pmem0/kvdk_benchmark ...
[INFO] time 3835 ms: Map pmem space done
[INFO] time 3836 ms: Populating PMem space ...
[INFO] time 60010 ms: Populating done
[INFO] time 67383 ms: Start restore data
[INFO] time 67387 ms: RestoreData done: iterated 0 records
[INFO] time 67388 ms: Rebuild skiplist done
[INFO] time 67388 ms: Rebuild Lists done
[INFO] time 67388 ms: Rebuild HashLists done
[INFO] time 67389 ms: PMem Usage: 0 B, 0 KB, 0 MB, 0 GB
Create 16 Sorted Collections
Init 0 readers and 64 writers.
----------------------------------------------------------
       Time(ms)       Read Ops      Write Ops      Not Found     Total Read    Total Write
           1000              0        1610000              0              0        1610000
           2000              0        1402000              0              0        3012000
           3000              0        7306000              0              0       10318000
           4000              0       10340000              0              0       20658000
           5000              0        9958000              0              0       30616000
           6000              0        9728000              0              0       40344000
           7000              0        9600000              0              0       49944000
           8000              0        9534000              0              0       59478000
           9000              0        9425000              0              0       68903000
          10000              0        9391000              0              0       78294000
          11000              0        9312000              0              0       87606000
          12001              0        9259000              0              0       96865000
          13001              0        9205000              0              0      106070000
          14001              0        9152000              0              0      115222000
          15001              0        9150000              0              0      124372000
          16001              0        9088000              0              0      133460000
          17001              0        9024000              0              0      142484000
          18001              0        9024000              0              0      151508000
          19001              0        8986000              0              0      160494000
          20001              0        8954000              0              0      169448000
          21001              0        8938000              0              0      178386000
          22001              0        8896000              0              0      187282000
          23001              0        8894000              0              0      196176000
          24002              0        8830000              0              0      205006000
          25002              0        8800000              0              0      213806000
          26003              0        8798000              0              0      222604000
          27004              0        8768000              0              0      231372000
          28005              0        8768000              0              0      240140000
          29006              0        8753000              0              0      248893000
          30007              0        8719000              0              0      257612000
          31008              0        8672000              0              0      266284000
          32009              0        8672000              0              0      274956000
          33010              0        8670000              0              0      283626000
          34011              0        8629000              0              0      292255000
          35012              0        8621000              0              0      300876000
          36013              0        8586000              0              0      309462000
          37014              0        8616000              0              0      318078000
          38015              0        8586000              0              0      326664000
          39016              0        8546000              0              0      335210000
          40018              0        8546000              0              0      343756000
          41019              0        8512000              0              0      352268000
          42020              0        8512000              0              0      360780000
          43021              0        8512000              0              0      369292000
          44023              0        8448000              0              0      377740000
          45024              0        8448000              0              0      386188000
          46025              0        8444000              0              0      394632000
          47026              0        8388000              0              0      403020000
          48028              0        8384000              0              0      411404000
          49029              0        8414000              0              0      419818000
          50031              0        8383000              0              0      428201000
          51032              0        8355000              0              0      436556000
          52033              0        8366000              0              0      444922000
          53035              0        8338000              0              0      453260000
          54036              0        8320000              0              0      461580000
          55038              0        8320000              0              0      469900000
          56039              0        8272000              0              0      478172000
          57041              0        8304000              0              0      486476000
          58042              0        8286000              0              0      494762000
          59044              0        8286000              0              0      503048000
          60045              0        8256000              0              0      511304000
          61047              0        8256000              0              0      519560000
          62048              0        8225000              0              0      527785000
          63050              0        8227000              0              0      536012000
          64050              0         820000              0              0      536832000
Benchmark finished.
finish bench
----------------------------------------------------------
Average Read Ops:	0. Average Write Ops:	8737704
[INFO] time 131453 ms: Closing instance ... 
[INFO] time 131453 ms: Waiting bg threads exit ... 
[INFO] time 132453 ms: PMem Usage: 103079229440 B, 100663310 KB, 98304 MB, 96 GB
[INFO] time 132455 ms: PMem Usage: 103079229440 B, 100663310 KB, 98304 MB, 96 GB
[INFO] time 132455 ms: Instance closed
