[INFO] time 0 ms: Opening kvdk instance from /mnt/pmem0/kvdk_benchmark ...
[INFO] time 3870 ms: Map pmem space done
[INFO] time 3870 ms: Populating PMem space ...
[INFO] time 58480 ms: Populating done
[INFO] time 65884 ms: Start restore data
[INFO] time 65886 ms: RestoreData done: iterated 0 records
[INFO] time 65886 ms: Rebuild skiplist done
[INFO] time 65886 ms: Rebuild Lists done
[INFO] time 65887 ms: Rebuild HashLists done
[INFO] time 65887 ms: PMem Usage: 0 B, 0 KB, 0 MB, 0 GB
Init 0 readers and 64 writers.
----------------------------------------------------------
       Time(ms)       Read Ops      Write Ops      Not Found     Total Read    Total Write
           1000              0        6420000              0              0        6420000
           2000              0        7042000              0              0       13462000
           3000              0        7038000              0              0       20500000
           4000              0        7038000              0              0       27538000
           5000              0        7050000              0              0       34588000
           6000              0        7010000              0              0       41598000
           7000              0        7025000              0              0       48623000
           8000              0        7043000              0              0       55666000
           9000              0        7052000              0              0       62718000
          10000              0        7054000              0              0       69772000
          11000              0        6999000              0              0       76771000
          12001              0        7047000              0              0       83818000
          13001              0        7033000              0              0       90851000
          14001              0        6968000              0              0       97819000
          15001              0        7039000              0              0      104858000
          16001              0        6953000              0              0      111811000
          17001              0        7041000              0              0      118852000
          18001              0        7041000              0              0      125893000
          19001              0        7047000              0              0      132940000
          20001              0        7026000              0              0      139966000
          21001              0        7022000              0              0      146988000
          22001              0        7052000              0              0      154040000
          23001              0        7052000              0              0      161092000
          24001              0        7048000              0              0      168140000
          25002              0        7046000              0              0      175186000
          26002              0        7009000              0              0      182195000
          27002              0        7043000              0              0      189238000
          28002              0        7039000              0              0      196277000
          29002              0        7051000              0              0      203328000
          30002              0        7046000              0              0      210374000
          31002              0        7010000              0              0      217384000
          32002              0        7039000              0              0      224423000
          33002              0        7036000              0              0      231459000
          34002              0        7043000              0              0      238502000
          35002              0        7043000              0              0      245545000
          36002              0        7031000              0              0      252576000
          37003              0        7046000              0              0      259622000
          38003              0        7032000              0              0      266654000
          39003              0        7039000              0              0      273693000
          40003              0        7028000              0              0      280721000
          41003              0        7017000              0              0      287738000
          42003              0        7030000              0              0      294768000
          43003              0        7025000              0              0      301793000
          44003              0        7034000              0              0      308827000
          45003              0        7022000              0              0      315849000
          46003              0        7018000              0              0      322867000
          47003              0        7031000              0              0      329898000
          48003              0        7031000              0              0      336929000
          49004              0        7033000              0              0      343962000
          50004              0        7032000              0              0      350994000
          51004              0        7000000              0              0      357994000
          52004              0        7022000              0              0      365016000
          53004              0        7027000              0              0      372043000
          54004              0        7029000              0              0      379072000
          55004              0        7029000              0              0      386101000
          56004              0        7010000              0              0      393111000
          57004              0        7025000              0              0      400136000
          58004              0        6993000              0              0      407129000
          59004              0        6955000              0              0      414084000
          60004              0        7019000              0              0      421103000
          61005              0        7007000              0              0      428110000
          62005              0        7017000              0              0      435127000
          63005              0        7013000              0              0      442140000
          64005              0        6981000              0              0      449121000
          65005              0        6989000              0              0      456110000
          66005              0        6987000              0              0      463097000
          67005              0        7007000              0              0      470104000
          68005              0        6989000              0              0      477093000
          69005              0        7003000              0              0      484096000
          70005              0        6967000              0              0      491063000
          71005              0        6957000              0              0      498020000
          72005              0        6991000              0              0      505011000
          73005              0        6997000              0              0      512008000
          74006              0        6988000              0              0      518996000
          75006              0        6985000              0              0      525981000
          76006              0        6926000              0              0      532907000
          77006              0        3925000              0              0      536832000
Benchmark finished.
finish bench
----------------------------------------------------------
Average Read Ops:	0. Average Write Ops:	7020808
[INFO] time 142899 ms: Closing instance ... 
[INFO] time 142899 ms: Waiting bg threads exit ... 
[INFO] time 142948 ms: PMem Usage: 103079229440 B, 100663310 KB, 98304 MB, 96 GB
[INFO] time 142948 ms: Cleaner Thread Num: 1
[INFO] time 142949 ms: PMem Usage: 103079229440 B, 100663310 KB, 98304 MB, 96 GB
[INFO] time 142949 ms: Instance closed
