[INFO] time 0 ms: Opening kvdk instance from /mnt/pmem0/kvdk_benchmark ...
[INFO] time 3877 ms: Map pmem space done
[INFO] time 3877 ms: Populating PMem space ...
[INFO] time 60757 ms: Populating done
[INFO] time 68240 ms: Start restore data
[INFO] time 68242 ms: RestoreData done: iterated 0 records
[INFO] time 68243 ms: Rebuild skiplist done
[INFO] time 68243 ms: Rebuild Lists done
[INFO] time 68243 ms: Rebuild HashLists done
[INFO] time 68244 ms: PMem Usage: 0 B, 0 KB, 0 MB, 0 GB
Init 0 readers and 64 writers.
----------------------------------------------------------
       Time(ms)       Read Ops      Write Ops      Not Found     Total Read    Total Write
           1000              0        6425000              0              0        6425000
           2000              0        7050000              0              0       13475000
           3000              0        7072000              0              0       20547000
           4000              0        7065000              0              0       27612000
           5000              0        7060000              0              0       34672000
           6000              0        7067000              0              0       41739000
           7000              0        7070000              0              0       48809000
           8000              0        7061000              0              0       55870000
           9000              0        7059000              0              0       62929000
          10000              0        7057000              0              0       69986000
          11000              0        7050000              0              0       77036000
          12000              0        7072000              0              0       84108000
          13001              0        7057000              0              0       91165000
          14001              0        7067000              0              0       98232000
          15001              0        7063000              0              0      105295000
          16001              0        7065000              0              0      112360000
          17001              0        7061000              0              0      119421000
          18001              0        7048000              0              0      126469000
          19001              0        7052000              0              0      133521000
          20001              0        7063000              0              0      140584000
          21001              0        7049000              0              0      147633000
          22001              0        7065000              0              0      154698000
          23001              0        7064000              0              0      161762000
          24001              0        7062000              0              0      168824000
          25002              0        7057000              0              0      175881000
          26002              0        7050000              0              0      182931000
          27002              0        7061000              0              0      189992000
          28002              0        7053000              0              0      197045000
          29002              0        7008000              0              0      204053000
          30002              0        7048000              0              0      211101000
          31002              0        7048000              0              0      218149000
          32002              0        7050000              0              0      225199000
          33002              0        6998000              0              0      232197000
          34002              0        7043000              0              0      239240000
          35002              0        6992000              0              0      246232000
          36002              0        7052000              0              0      253284000
          37002              0        7049000              0              0      260333000
          38003              0        7042000              0              0      267375000
          39003              0        7047000              0              0      274422000
          40003              0        7051000              0              0      281473000
          41003              0        7046000              0              0      288519000
          42003              0        7043000              0              0      295562000
          43003              0        7050000              0              0      302612000
          44003              0        7038000              0              0      309650000
          45003              0        7040000              0              0      316690000
          46003              0        7032000              0              0      323722000
          47003              0        7043000              0              0      330765000
          48003              0        7037000              0              0      337802000
          49003              0        7029000              0              0      344831000
          50004              0        7035000              0              0      351866000
          51004              0        7036000              0              0      358902000
          52004              0        7028000              0              0      365930000
          53004              0        7032000              0              0      372962000
          54004              0        7034000              0              0      379996000
          55004              0        7031000              0              0      387027000
          56004              0        7035000              0              0      394062000
          57004              0        7021000              0              0      401083000
          58004              0        7031000              0              0      408114000
          59004              0        7026000              0              0      415140000
          60004              0        7023000              0              0      422163000
          61005              0        7024000              0              0      429187000
          62005              0        7018000              0              0      436205000
          63005              0        7028000              0              0      443233000
          64005              0        7024000              0              0      450257000
          65005              0        7018000              0              0      457275000
          66005              0        7020000              0              0      464295000
          67005              0        7022000              0              0      471317000
          68005              0        7011000              0              0      478328000
          69005              0        7007000              0              0      485335000
          70005              0        7007000              0              0      492342000
          71005              0        7007000              0              0      499349000
          72005              0        7012000              0              0      506361000
          73006              0        7017000              0              0      513378000
          74006              0        7004000              0              0      520382000
          75006              0        7016000              0              0      527398000
          76006              0        6872000              0              0      534270000
          77006              0        2562000              0              0      536832000
Benchmark finished.
finish bench
----------------------------------------------------------
Average Read Ops:	0. Average Write Ops:	7040041
[INFO] time 145261 ms: Closing instance ... 
[INFO] time 145261 ms: Waiting bg threads exit ... 
[INFO] time 145305 ms: PMem Usage: 103079229440 B, 100663310 KB, 98304 MB, 96 GB
[INFO] time 145305 ms: Cleaner Thread Num: 1
[INFO] time 145306 ms: PMem Usage: 103079229440 B, 100663310 KB, 98304 MB, 96 GB
[INFO] time 145307 ms: Instance closed
