[INFO] time 0 ms: Opening kvdk instance from /mnt/pmem0/kvdk_benchmark ...
[INFO] time 3896 ms: Map pmem space done
[INFO] time 3896 ms: Populating PMem space ...
[INFO] time 59158 ms: Populating done
[INFO] time 66670 ms: Start restore data
[INFO] time 66672 ms: RestoreData done: iterated 0 records
[INFO] time 66672 ms: Rebuild skiplist done
[INFO] time 66673 ms: Rebuild Lists done
[INFO] time 66673 ms: Rebuild HashLists done
[INFO] time 66673 ms: PMem Usage: 0 B, 0 KB, 0 MB, 0 GB
Init 0 readers and 64 writers.
----------------------------------------------------------
       Time(ms)       Read Ops      Write Ops      Not Found     Total Read    Total Write
           1000              0        6335000              0              0        6335000
           2000              0        7064000              0              0       13399000
           3000              0        7081000              0              0       20480000
           4000              0        7071000              0              0       27551000
           5000              0        7093000              0              0       34644000
           6000              0        7041000              0              0       41685000
           7000              0        7060000              0              0       48745000
           8000              0        7075000              0              0       55820000
           9000              0        7076000              0              0       62896000
          10000              0        7085000              0              0       69981000
          11000              0        7033000              0              0       77014000
          12000              0        7080000              0              0       84094000
          13001              0        7081000              0              0       91175000
          14001              0        7073000              0              0       98248000
          15001              0        7086000              0              0      105334000
          16001              0        7056000              0              0      112390000
          17001              0        7085000              0              0      119475000
          18001              0        7080000              0              0      126555000
          19001              0        7077000              0              0      133632000
          20001              0        7073000              0              0      140705000
          21001              0        7062000              0              0      147767000
          22001              0        7078000              0              0      154845000
          23001              0        7073000              0              0      161918000
          24001              0        7080000              0              0      168998000
          25002              0        7076000              0              0      176074000
          26002              0        7043000              0              0      183117000
          27002              0        7082000              0              0      190199000
          28002              0        7076000              0              0      197275000
          29002              0        7070000              0              0      204345000
          30002              0        7068000              0              0      211413000
          31002              0        7053000              0              0      218466000
          32002              0        7059000              0              0      225525000
          33002              0        7048000              0              0      232573000
          34002              0        7065000              0              0      239638000
          35002              0        7046000              0              0      246684000
          36002              0        7033000              0              0      253717000
          37003              0        7062000              0              0      260779000
          38003              0        7048000              0              0      267827000
          39003              0        7046000              0              0      274873000
          40003              0        7060000              0              0      281933000
          41003              0        7048000              0              0      288981000
          42003              0        7060000              0              0      296041000
          43003              0        7058000              0              0      303099000
          44003              0        7056000              0              0      310155000
          45003              0        7069000              0              0      317224000
          46003              0        7044000              0              0      324268000
          47003              0        7074000              0              0      331342000
          48004              0        7067000              0              0      338409000
          49004              0        7073000              0              0      345482000
          50004              0        7070000              0              0      352552000
          51004              0        7038000              0              0      359590000
          52004              0        7052000              0              0      366642000
          53004              0        7063000              0              0      373705000
          54004              0        7061000              0              0      380766000
          55004              0        7060000              0              0      387826000
          56004              0        7037000              0              0      394863000
          57004              0        7048000              0              0      401911000
          58004              0        7052000              0              0      408963000
          59004              0        7059000              0              0      416022000
          60005              0        7046000              0              0      423068000
          61005              0        7045000              0              0      430113000
          62005              0        7058000              0              0      437171000
          63005              0        7044000              0              0      444215000
          64005              0        7032000              0              0      451247000
          65005              0        7051000              0              0      458298000
          66005              0        7010000              0              0      465308000
          67005              0        7040000              0              0      472348000
          68005              0        7031000              0              0      479379000
          69005              0        7030000              0              0      486409000
          70005              0        7014000              0              0      493423000
          71005              0        7015000              0              0      500438000
          72006              0        7023000              0              0      507461000
          73006              0        7036000              0              0      514497000
          74006              0        7039000              0              0      521536000
          75006              0        7030000              0              0      528566000
          76006              0        6740000              0              0      535306000
          77006              0        1526000              0              0      536832000
Benchmark finished.
finish bench
----------------------------------------------------------
Average Read Ops:	0. Average Write Ops:	7057082
[INFO] time 143683 ms: Closing instance ... 
[INFO] time 143684 ms: Waiting bg threads exit ... 
[INFO] time 143736 ms: PMem Usage: 103079229440 B, 100663310 KB, 98304 MB, 96 GB
[INFO] time 143736 ms: Cleaner Thread Num: 1
[INFO] time 143736 ms: PMem Usage: 103079229440 B, 100663310 KB, 98304 MB, 96 GB
[INFO] time 143737 ms: Instance closed
