[INFO] time 0 ms: Opening kvdk instance from /mnt/pmem0/kvdk_benchmark ...
[INFO] time 3881 ms: Map pmem space done
[INFO] time 3882 ms: Populating PMem space ...
[INFO] time 59625 ms: Populating done
[INFO] time 67124 ms: Start restore data
[INFO] time 67127 ms: RestoreData done: iterated 0 records
[INFO] time 67128 ms: Rebuild skiplist done
[INFO] time 67131 ms: Rebuild Lists done
[INFO] time 67135 ms: Rebuild HashLists done
[INFO] time 67136 ms: PMem Usage: 0 B, 0 KB, 0 MB, 0 GB
Create 16 Sorted Collections
Init 0 readers and 64 writers.
----------------------------------------------------------
       Time(ms)       Read Ops      Write Ops      Not Found     Total Read    Total Write
           1000              0        1974000              0              0        1974000
           2000              0        1407000              0              0        3381000
           3000              0        5710000              0              0        9091000
           4000              0        9927000              0              0       19018000
           5000              0        9728000              0              0       28746000
           6000              0        9408000              0              0       38154000
           7000              0        9287000              0              0       47441000
           8000              0        9280000              0              0       56721000
           9000              0        9209000              0              0       65930000
          10000              0        9088000              0              0       75018000
          11001              0        9087000              0              0       84105000
          12001              0        9025000              0              0       93130000
          13001              0        8967000              0              0      102097000
          14001              0        8953000              0              0      111050000
          15001              0        8898000              0              0      119948000
          16001              0        8894000              0              0      128842000
          17001              0        8832000              0              0      137674000
          18001              0        8831000              0              0      146505000
          19001              0        8769000              0              0      155274000
          20001              0        8707000              0              0      163981000
          21001              0        8708000              0              0      172689000
          22002              0        8697000              0              0      181386000
          23002              0        8704000              0              0      190090000
          24002              0        8640000              0              0      198730000
          25002              0        8614000              0              0      207344000
          26002              0        8545000              0              0      215889000
          27002              0        8633000              0              0      224522000
          28002              0        8575000              0              0      233097000
          29002              0        8456000              0              0      241553000
          30002              0        8568000              0              0      250121000
          31002              0        8456000              0              0      258577000
          32002              0        8512000              0              0      267089000
          33003              0        8504000              0              0      275593000
          34003              0        8449000              0              0      284042000
          35003              0        8448000              0              0      292490000
          36003              0        8448000              0              0      300938000
          37003              0        8384000              0              0      309322000
          38003              0        8387000              0              0      317709000
          39003              0        8444000              0              0      326153000
          40003              0        8385000              0              0      334538000
          41003              0        8324000              0              0      342862000
          42003              0        8380000              0              0      351242000
          43003              0        8320000              0              0      359562000
          44004              0        8320000              0              0      367882000
          45004              0        8306000              0              0      376188000
          46004              0        8270000              0              0      384458000
          47004              0        8319000              0              0      392777000
          48004              0        8256000              0              0      401033000
          49004              0        8193000              0              0      409226000
          50004              0        8243000              0              0      417469000
          51004              0        8208000              0              0      425677000
          52004              0        8253000              0              0      433930000
          53004              0        8192000              0              0      442122000
          54004              0        8192000              0              0      450314000
          55004              0        8192000              0              0      458506000
          56005              0        8131000              0              0      466637000
          57005              0        8163000              0              0      474800000
          58005              0        8153000              0              0      482953000
          59005              0        8129000              0              0      491082000
          60005              0        8128000              0              0      499210000
          61005              0        8127000              0              0      507337000
          62005              0        8072000              0              0      515409000
          63005              0        8121000              0              0      523530000
          64005              0        8064000              0              0      531594000
          65005              0        5238000              0              0      536832000
Benchmark finished.
finish bench
----------------------------------------------------------
Average Read Ops:	0. Average Write Ops:	8519564
[INFO] time 132153 ms: Closing instance ... 
[INFO] time 132154 ms: Waiting bg threads exit ... 
[INFO] time 132200 ms: PMem Usage: 103079229440 B, 100663310 KB, 98304 MB, 96 GB
[INFO] time 132200 ms: Cleaner Thread Num: 1
[INFO] time 132201 ms: PMem Usage: 103079229440 B, 100663310 KB, 98304 MB, 96 GB
[INFO] time 132202 ms: Instance closed
