[INFO] time 0 ms: Opening kvdk instance from /mnt/pmem0/kvdk_benchmark ...
[INFO] time 3819 ms: Map pmem space done
[INFO] time 3820 ms: Populating PMem space ...
[INFO] time 58490 ms: Populating done
[INFO] time 65868 ms: Start restore data
[INFO] time 65871 ms: RestoreData done: iterated 0 records
[INFO] time 65871 ms: Rebuild skiplist done
[INFO] time 65871 ms: Rebuild Lists done
[INFO] time 65872 ms: Rebuild HashLists done
[INFO] time 65872 ms: PMem Usage: 0 B, 0 KB, 0 MB, 0 GB
Init 0 readers and 64 writers.
----------------------------------------------------------
       Time(ms)       Read Ops      Write Ops      Not Found     Total Read    Total Write
           1000              0        2933000              0              0        2933000
           2000              0        2894000              0              0        5827000
           3000              0        2901000              0              0        8728000
           4000              0        2896000              0              0       11624000
           5000              0        2903000              0              0       14527000
           6000              0        2897000              0              0       17424000
           7000              0        2907000              0              0       20331000
           8000              0        2898000              0              0       23229000
           9000              0        2904000              0              0       26133000
          10000              0        2899000              0              0       29032000
          11000              0        2898000              0              0       31930000
          12001              0        2900000              0              0       34830000
          13001              0        2905000              0              0       37735000
          14001              0        2900000              0              0       40635000
          15001              0        2901000              0              0       43536000
          16001              0        2897000              0              0       46433000
          17001              0        2908000              0              0       49341000
          18001              0        2899000              0              0       52240000
          19001              0        2878000              0              0       55118000
          20001              0        2903000              0              0       58021000
          21001              0        2900000              0              0       60921000
          22001              0        2906000              0              0       63827000
          23001              0        2900000              0              0       66727000
          24002              0        2901000              0              0       69628000
          25002              0        2901000              0              0       72529000
          26002              0        2907000              0              0       75436000
          27002              0        2903000              0              0       78339000
          28002              0        2899000              0              0       81238000
          29002              0        2898000              0              0       84136000
          30002              0        2903000              0              0       87039000
          31002              0        2900000              0              0       89939000
          32002              0        2902000              0              0       92841000
          33002              0        2896000              0              0       95737000
          34002              0        2904000              0              0       98641000
          35002              0        2902000              0              0      101543000
          36003              0        2897000              0              0      104440000
          37003              0        2899000              0              0      107339000
          38003              0        2908000              0              0      110247000
          39003              0        2898000              0              0      113145000
          40003              0        2901000              0              0      116046000
          41003              0        2898000              0              0      118944000
          42003              0        2907000              0              0      121851000
          43003              0        2904000              0              0      124755000
          44003              0        2898000              0              0      127653000
          45003              0        2902000              0              0      130555000
          46003              0        2909000              0              0      133464000
          47003              0        2901000              0              0      136365000
          48004              0        2898000              0              0      139263000
          49004              0        2911000              0              0      142174000
          50004              0        2898000              0              0      145072000
          51004              0        2901000              0              0      147973000
          52004              0        2896000              0              0      150869000
          53004              0        2906000              0              0      153775000
          54004              0        2904000              0              0      156679000
          55004              0        2905000              0              0      159584000
          56004              0        2901000              0              0      162485000
          57004              0        2894000              0              0      165379000
          58004              0        2904000              0              0      168283000
          59004              0        2897000              0              0      171180000
          60005              0        2904000              0              0      174084000
          61005              0        2901000              0              0      176985000
          62005              0        2896000              0              0      179881000
          63005              0        2902000              0              0      182783000
          64005              0        2896000              0              0      185679000
          65005              0        2903000              0              0      188582000
          66005              0        2899000              0              0      191481000
          67005              0        2902000              0              0      194383000
          68005              0        2898000              0              0      197281000
          69005              0        2905000              0              0      200186000
          70005              0        2900000              0              0      203086000
          71005              0        2900000              0              0      205986000
          72006              0        2896000              0              0      208882000
          73006              0        2907000              0              0      211789000
          74006              0        2905000              0              0      214694000
          75006              0        2896000              0              0      217590000
          76006              0        2900000              0              0      220490000
          77006              0        2906000              0              0      223396000
          78006              0        2897000              0              0      226293000
          79006              0        2903000              0              0      229196000
          80006              0        2894000              0              0      232090000
          81006              0        2902000              0              0      234992000
          82006              0        2903000              0              0      237895000
          83006              0        2901000              0              0      240796000
          84007              0        2905000              0              0      243701000
          85007              0        2900000              0              0      246601000
          86007              0        2910000              0              0      249511000
          87007              0        2900000              0              0      252411000
          88007              0        2898000              0              0      255309000
          89007              0        2898000              0              0      258207000
          90007              0        2908000              0              0      261115000
          91007              0        2900000              0              0      264015000
          92007              0        2904000              0              0      266919000
          93007              0        2906000              0              0      269825000
          94007              0        2908000              0              0      272733000
          95008              0        2905000              0              0      275638000
          96008              0        2902000              0              0      278540000
          97008              0        2901000              0              0      281441000
          98008              0        2903000              0              0      284344000
          99008              0        2905000              0              0      287249000
         100008              0        2899000              0              0      290148000
         101008              0        2901000              0              0      293049000
         102008              0        2907000              0              0      295956000
         103008              0        2905000              0              0      298861000
         104008              0        2897000              0              0      301758000
         105008              0        2912000              0              0      304670000
         106008              0        2902000              0              0      307572000
         107009              0        2894000              0              0      310466000
         108009              0        2904000              0              0      313370000
         109009              0        2906000              0              0      316276000
         110009              0        2899000              0              0      319175000
         111009              0        2907000              0              0      322082000
         112009              0        2900000              0              0      324982000
         113009              0        2905000              0              0      327887000
         114009              0        2902000              0              0      330789000
         115009              0        2903000              0              0      333692000
         116009              0        2903000              0              0      336595000
         117009              0        2905000              0              0      339500000
         118009              0        2902000              0              0      342402000
         119010              0        2909000              0              0      345311000
         120010              0        2895000              0              0      348206000
         121010              0        2908000              0              0      351114000
         122010              0        2903000              0              0      354017000
         123010              0        2898000              0              0      356915000
         124010              0        2903000              0              0      359818000
         125010              0        2906000              0              0      362724000
         126010              0        2899000              0              0      365623000
         127010              0        2905000              0              0      368528000
         128010              0        2900000              0              0      371428000
         129010              0        2902000              0              0      374330000
         130010              0        2912000              0              0      377242000
         131011              0        2896000              0              0      380138000
         132011              0        2901000              0              0      383039000
         133011              0        2904000              0              0      385943000
         134011              0        2904000              0              0      388847000
         135011              0        2906000              0              0      391753000
         136011              0        2901000              0              0      394654000
         137011              0        2899000              0              0      397553000
         138011              0        2891000              0              0      400444000
         139011              0        2905000              0              0      403349000
         140011              0        2902000              0              0      406251000
         141011              0        2903000              0              0      409154000
         142011              0        2904000              0              0      412058000
         143012              0        2904000              0              0      414962000
         144012              0        2899000              0              0      417861000
         145012              0        2904000              0              0      420765000
         146012              0        2902000              0              0      423667000
         147012              0        2904000              0              0      426571000
         148012              0        2905000              0              0      429476000
         149012              0        2898000              0              0      432374000
         150012              0        2900000              0              0      435274000
         151012              0        2901000              0              0      438175000
         152012              0        2906000              0              0      441081000
         153012              0        2902000              0              0      443983000
         154012              0        2898000              0              0      446881000
         155012              0        2903000              0              0      449784000
         156013              0        2909000              0              0      452693000
         157013              0        2893000              0              0      455586000
         158013              0        2910000              0              0      458496000
         159013              0        2900000              0              0      461396000
         160013              0        2900000              0              0      464296000
         161013              0        2904000              0              0      467200000
         162013              0        2904000              0              0      470104000
         163013              0        2902000              0              0      473006000
         164013              0        2903000              0              0      475909000
         165013              0        2904000              0              0      478813000
         166013              0        2901000              0              0      481714000
         167013              0        2912000              0              0      484626000
         168014              0        2898000              0              0      487524000
         169014              0        2904000              0              0      490428000
         170014              0        2897000              0              0      493325000
         171014              0        2905000              0              0      496230000
         172014              0        2905000              0              0      499135000
         173014              0        2906000              0              0      502041000
         174014              0        2900000              0              0      504941000
         175014              0        2900000              0              0      507841000
         176014              0        2903000              0              0      510744000
         177014              0        2901000              0              0      513645000
         178014              0        2902000              0              0      516547000
         179014              0        2909000              0              0      519456000
         180015              0        2894000              0              0      522350000
         181015              0        2908000              0              0      525258000
         182015              0        2903000              0              0      528161000
         183015              0        2897000              0              0      531058000
         184015              0        2903000              0              0      533961000
         185015              0        2871000              0              0      536832000
Benchmark finished.
finish bench
----------------------------------------------------------
Average Read Ops:	0. Average Write Ops:	2901828
[INFO] time 250892 ms: Closing instance ... 
[INFO] time 250892 ms: Waiting bg threads exit ... 
[INFO] time 250901 ms: PMem Usage: 103079229440 B, 100663310 KB, 98304 MB, 96 GB
[INFO] time 250902 ms: PMem Usage: 103079229440 B, 100663310 KB, 98304 MB, 96 GB
[INFO] time 250902 ms: Instance closed
