[INFO] time 0 ms: Opening kvdk instance from /mnt/pmem0/kvdk_benchmark ...
[INFO] time 3820 ms: Map pmem space done
[INFO] time 3820 ms: Populating PMem space ...
[INFO] time 59019 ms: Populating done
[INFO] time 66434 ms: Start restore data
[INFO] time 66436 ms: RestoreData done: iterated 0 records
[INFO] time 66436 ms: Rebuild skiplist done
[INFO] time 66437 ms: Rebuild Lists done
[INFO] time 66437 ms: Rebuild HashLists done
[INFO] time 66438 ms: PMem Usage: 0 B, 0 KB, 0 MB, 0 GB
Init 0 readers and 64 writers.
----------------------------------------------------------
       Time(ms)       Read Ops      Write Ops      Not Found     Total Read    Total Write
           1000              0        2954000              0              0        2954000
           2000              0        2898000              0              0        5852000
           3000              0        2890000              0              0        8742000
           4000              0        2901000              0              0       11643000
           5000              0        2888000              0              0       14531000
           6000              0        2895000              0              0       17426000
           7000              0        2896000              0              0       20322000
           8000              0        2894000              0              0       23216000
           9000              0        2887000              0              0       26103000
          10000              0        2893000              0              0       28996000
          11000              0        2904000              0              0       31900000
          12001              0        2892000              0              0       34792000
          13001              0        2904000              0              0       37696000
          14001              0        2897000              0              0       40593000
          15001              0        2890000              0              0       43483000
          16001              0        2891000              0              0       46374000
          17001              0        2898000              0              0       49272000
          18001              0        2892000              0              0       52164000
          19001              0        2901000              0              0       55065000
          20001              0        2888000              0              0       57953000
          21001              0        2895000              0              0       60848000
          22001              0        2889000              0              0       63737000
          23001              0        2899000              0              0       66636000
          24002              0        2891000              0              0       69527000
          25002              0        2890000              0              0       72417000
          26002              0        2893000              0              0       75310000
          27002              0        2896000              0              0       78206000
          28002              0        2891000              0              0       81097000
          29002              0        2894000              0              0       83991000
          30002              0        2904000              0              0       86895000
          31002              0        2885000              0              0       89780000
          32002              0        2894000              0              0       92674000
          33002              0        2895000              0              0       95569000
          34002              0        2894000              0              0       98463000
          35002              0        2889000              0              0      101352000
          36003              0        2891000              0              0      104243000
          37003              0        2898000              0              0      107141000
          38003              0        2892000              0              0      110033000
          39003              0        2901000              0              0      112934000
          40003              0        2884000              0              0      115818000
          41003              0        2894000              0              0      118712000
          42003              0        2892000              0              0      121604000
          43003              0        2900000              0              0      124504000
          44003              0        2890000              0              0      127394000
          45003              0        2893000              0              0      130287000
          46003              0        2891000              0              0      133178000
          47003              0        2889000              0              0      136067000
          48004              0        2895000              0              0      138962000
          49004              0        2894000              0              0      141856000
          50004              0        2894000              0              0      144750000
          51004              0        2900000              0              0      147650000
          52004              0        2892000              0              0      150542000
          53004              0        2892000              0              0      153434000
          54004              0        2902000              0              0      156336000
          55004              0        2883000              0              0      159219000
          56004              0        2895000              0              0      162114000
          57004              0        2892000              0              0      165006000
          58004              0        2894000              0              0      167900000
          59004              0        2893000              0              0      170793000
          60005              0        2891000              0              0      173684000
          61005              0        2891000              0              0      176575000
          62005              0        2896000              0              0      179471000
          63005              0        2896000              0              0      182367000
          64005              0        2887000              0              0      185254000
          65005              0        2892000              0              0      188146000
          66005              0        2897000              0              0      191043000
          67005              0        2890000              0              0      193933000
          68005              0        2894000              0              0      196827000
          69005              0        2889000              0              0      199716000
          70005              0        2891000              0              0      202607000
          71005              0        2898000              0              0      205505000
          72006              0        2889000              0              0      208394000
          73006              0        2888000              0              0      211282000
          74006              0        2892000              0              0      214174000
          75006              0        2886000              0              0      217060000
          76006              0        2887000              0              0      219947000
          77006              0        2899000              0              0      222846000
          78006              0        2892000              0              0      225738000
          79006              0        2893000              0              0      228631000
          80006              0        2894000              0              0      231525000
          81006              0        2901000              0              0      234426000
          82006              0        2895000              0              0      237321000
          83006              0        2893000              0              0      240214000
          84007              0        2894000              0              0      243108000
          85007              0        2900000              0              0      246008000
          86007              0        2888000              0              0      248896000
          87007              0        2895000              0              0      251791000
          88007              0        2893000              0              0      254684000
          89007              0        2892000              0              0      257576000
          90007              0        2895000              0              0      260471000
          91007              0        2896000              0              0      263367000
          92007              0        2892000              0              0      266259000
          93007              0        2893000              0              0      269152000
          94007              0        2897000              0              0      272049000
          95007              0        2898000              0              0      274947000
          96008              0        2898000              0              0      277845000
          97008              0        2893000              0              0      280738000
          98008              0        2906000              0              0      283644000
          99008              0        2898000              0              0      286542000
         100008              0        2895000              0              0      289437000
         101008              0        2897000              0              0      292334000
         102008              0        2893000              0              0      295227000
         103008              0        2905000              0              0      298132000
         104008              0        2899000              0              0      301031000
         105008              0        2890000              0              0      303921000
         106008              0        2896000              0              0      306817000
         107008              0        2898000              0              0      309715000
         108008              0        2895000              0              0      312610000
         109009              0        2897000              0              0      315507000
         110009              0        2896000              0              0      318403000
         111009              0        2893000              0              0      321296000
         112009              0        2895000              0              0      324191000
         113009              0        2892000              0              0      327083000
         114009              0        2906000              0              0      329989000
         115009              0        2893000              0              0      332882000
         116009              0        2894000              0              0      335776000
         117009              0        2898000              0              0      338674000
         118009              0        2896000              0              0      341570000
         119009              0        2905000              0              0      344475000
         120009              0        2886000              0              0      347361000
         121009              0        2895000              0              0      350256000
         122010              0        2900000              0              0      353156000
         123010              0        2903000              0              0      356059000
         124010              0        2894000              0              0      358953000
         125010              0        2899000              0              0      361852000
         126010              0        2895000              0              0      364747000
         127010              0        2901000              0              0      367648000
         128010              0        2893000              0              0      370541000
         129010              0        2904000              0              0      373445000
         130010              0        2893000              0              0      376338000
         131010              0        2892000              0              0      379230000
         132010              0        2898000              0              0      382128000
         133011              0        2897000              0              0      385025000
         134011              0        2900000              0              0      387925000
         135011              0        2896000              0              0      390821000
         136011              0        2897000              0              0      393718000
         137011              0        2901000              0              0      396619000
         138011              0        2888000              0              0      399507000
         139011              0        2901000              0              0      402408000
         140011              0        2894000              0              0      405302000
         141011              0        2897000              0              0      408199000
         142011              0        2901000              0              0      411100000
         143011              0        2897000              0              0      413997000
         144011              0        2895000              0              0      416892000
         145012              0        2894000              0              0      419786000
         146012              0        2901000              0              0      422687000
         147012              0        2900000              0              0      425587000
         148012              0        2895000              0              0      428482000
         149012              0        2898000              0              0      431380000
         150012              0        2895000              0              0      434275000
         151012              0        2897000              0              0      437172000
         152012              0        2897000              0              0      440069000
         153012              0        2900000              0              0      442969000
         154012              0        2899000              0              0      445868000
         155012              0        2895000              0              0      448763000
         156012              0        2892000              0              0      451655000
         157013              0        2895000              0              0      454550000
         158013              0        2899000              0              0      457449000
         159013              0        2897000              0              0      460346000
         160013              0        2900000              0              0      463246000
         161013              0        2897000              0              0      466143000
         162013              0        2895000              0              0      469038000
         163013              0        2896000              0              0      471934000
         164013              0        2897000              0              0      474831000
         165013              0        2898000              0              0      477729000
         166013              0        2892000              0              0      480621000
         167013              0        2892000              0              0      483513000
         168013              0        2894000              0              0      486407000
         169014              0        2898000              0              0      489305000
         170014              0        2897000              0              0      492202000
         171014              0        2892000              0              0      495094000
         172014              0        2904000              0              0      497998000
         173014              0        2902000              0              0      500900000
         174014              0        2890000              0              0      503790000
         175014              0        2903000              0              0      506693000
         176014              0        2893000              0              0      509586000
         177014              0        2906000              0              0      512492000
         178014              0        2894000              0              0      515386000
         179014              0        2898000              0              0      518284000
         180014              0        2898000              0              0      521182000
         181015              0        2889000              0              0      524071000
         182015              0        2901000              0              0      526972000
         183015              0        2893000              0              0      529865000
         184015              0        2900000              0              0      532765000
         185015              0        2895000              0              0      535660000
         186015              0        1172000              0              0      536832000
Benchmark finished.
finish bench
----------------------------------------------------------
Average Read Ops:	0. Average Write Ops:	2895126
[INFO] time 252459 ms: Closing instance ... 
[INFO] time 252460 ms: Waiting bg threads exit ... 
[INFO] time 252467 ms: PMem Usage: 103079229440 B, 100663310 KB, 98304 MB, 96 GB
[INFO] time 252467 ms: PMem Usage: 103079229440 B, 100663310 KB, 98304 MB, 96 GB
[INFO] time 252468 ms: Instance closed
