[INFO] time 0 ms: Opening kvdk instance from /mnt/pmem0/kvdk_benchmark ...
[INFO] time 3831 ms: Map pmem space done
[INFO] time 3832 ms: Populating PMem space ...
[INFO] time 59464 ms: Populating done
[INFO] time 66875 ms: Start restore data
[INFO] time 66880 ms: RestoreData done: iterated 0 records
[INFO] time 66881 ms: Rebuild skiplist done
[INFO] time 66881 ms: Rebuild Lists done
[INFO] time 66881 ms: Rebuild HashLists done
[INFO] time 66882 ms: PMem Usage: 0 B, 0 KB, 0 MB, 0 GB
Create 16 Sorted Collections
Init 0 readers and 64 writers.
----------------------------------------------------------
       Time(ms)       Read Ops      Write Ops      Not Found     Total Read    Total Write
           1000              0        1667000              0              0        1667000
           2000              0        1435000              0              0        3102000
           3000              0        7091000              0              0       10193000
           4000              0        9602000              0              0       19795000
           5000              0        9339000              0              0       29134000
           6000              0        9087000              0              0       38221000
           7000              0        8963000              0              0       47184000
           8000              0        8958000              0              0       56142000
           9000              0        8895000              0              0       65037000
          10000              0        8774000              0              0       73811000
          11000              0        8826000              0              0       82637000
          12001              0        8706000              0              0       91343000
          13001              0        8706000              0              0      100049000
          14001              0        8685000              0              0      108734000
          15001              0        8655000              0              0      117389000
          16001              0        8578000              0              0      125967000
          17001              0        8580000              0              0      134547000
          18001              0        8571000              0              0      143118000
          19001              0        8516000              0              0      151634000
          20001              0        8513000              0              0      160147000
          21001              0        8508000              0              0      168655000
          22001              0        8450000              0              0      177105000
          23002              0        8450000              0              0      185555000
          24002              0        8443000              0              0      193998000
          25002              0        8386000              0              0      202384000
          26002              0        8382000              0              0      210766000
          27002              0        8325000              0              0      219091000
          28002              0        8320000              0              0      227411000
          29002              0        8317000              0              0      235728000
          30002              0        8264000              0              0      243992000
          31002              0        8311000              0              0      252303000
          32002              0        8258000              0              0      260561000
          33002              0        8255000              0              0      268816000
          34002              0        8254000              0              0      277070000
          35003              0        8192000              0              0      285262000
          36003              0        8193000              0              0      293455000
          37003              0        8192000              0              0      301647000
          38003              0        8190000              0              0      309837000
          39003              0        8134000              0              0      317971000
          40003              0        8188000              0              0      326159000
          41003              0        8190000              0              0      334349000
          42003              0        8129000              0              0      342478000
          43003              0        8128000              0              0      350606000
          44003              0        8113000              0              0      358719000
          45003              0        8084000              0              0      366803000
          46004              0        8124000              0              0      374927000
          47004              0        8083000              0              0      383010000
          48004              0        8108000              0              0      391118000
          49004              0        8064000              0              0      399182000
          50004              0        8063000              0              0      407245000
          51004              0        8003000              0              0      415248000
          52004              0        8062000              0              0      423310000
          53004              0        8004000              0              0      431314000
          54004              0        8026000              0              0      439340000
          55004              0        7974000              0              0      447314000
          56004              0        8000000              0              0      455314000
          57005              0        7995000              0              0      463309000
          58005              0        7997000              0              0      471306000
          59005              0        7895000              0              0      479201000
          60005              0        7976000              0              0      487177000
          61005              0        7937000              0              0      495114000
          62005              0        7935000              0              0      503049000
          63005              0        7873000              0              0      510922000
          64005              0        7873000              0              0      518795000
          65005              0        7873000              0              0      526668000
          66005              0        7874000              0              0      534542000
          67005              0        2290000              0              0      536832000
Benchmark finished.
finish bench
----------------------------------------------------------
Average Read Ops:	0. Average Write Ops:	8303750
[INFO] time 133907 ms: Closing instance ... 
[INFO] time 133907 ms: Waiting bg threads exit ... 
[INFO] time 133950 ms: PMem Usage: 103079229440 B, 100663310 KB, 98304 MB, 96 GB
[INFO] time 133951 ms: PMem Usage: 103079229440 B, 100663310 KB, 98304 MB, 96 GB
[INFO] time 133952 ms: Instance closed
