[INFO] time 0 ms: Opening kvdk instance from /mnt/pmem0/kvdk_benchmark ...
[INFO] time 3876 ms: Map pmem space done
[INFO] time 3876 ms: Populating PMem space ...
[INFO] time 60216 ms: Populating done
[INFO] time 67666 ms: Start restore data
[INFO] time 67668 ms: RestoreData done: iterated 0 records
[INFO] time 67668 ms: Rebuild skiplist done
[INFO] time 67669 ms: Rebuild Lists done
[INFO] time 67669 ms: Rebuild HashLists done
[INFO] time 67670 ms: PMem Usage: 0 B, 0 KB, 0 MB, 0 GB
Create 16 Sorted Collections
Init 0 readers and 64 writers.
----------------------------------------------------------
       Time(ms)       Read Ops      Write Ops      Not Found     Total Read    Total Write
           1000              0        1674000              0              0        1674000
           2000              0        1346000              0              0        3020000
           3000              0        4038000              0              0        7058000
           4000              0        9548000              0              0       16606000
           5000              0        9344000              0              0       25950000
           6000              0        9024000              0              0       34974000
           7000              0        8898000              0              0       43872000
           8000              0        8894000              0              0       52766000
           9000              0        8832000              0              0       61598000
          10000              0        8768000              0              0       70366000
          11001              0        8704000              0              0       79070000
          12001              0        8642000              0              0       87712000
          13001              0        8640000              0              0       96352000
          14001              0        8638000              0              0      104990000
          15001              0        8576000              0              0      113566000
          16001              0        8514000              0              0      122080000
          17001              0        8574000              0              0      130654000
          18001              0        8512000              0              0      139166000
          19001              0        8512000              0              0      147678000
          20001              0        8512000              0              0      156190000
          21001              0        8448000              0              0      164638000
          22002              0        8448000              0              0      173086000
          23002              0        8448000              0              0      181534000
          24002              0        8386000              0              0      189920000
          25002              0        8384000              0              0      198304000
          26002              0        8382000              0              0      206686000
          27002              0        8384000              0              0      215070000
          28002              0        8320000              0              0      223390000
          29002              0        8320000              0              0      231710000
          30002              0        8194000              0              0      239904000
          31002              0        8254000              0              0      248158000
          32003              0        8194000              0              0      256352000
          33003              0        8254000              0              0      264606000
          34003              0        8192000              0              0      272798000
          35003              0        8192000              0              0      280990000
          36003              0        8128000              0              0      289118000
          37003              0        8138000              0              0      297256000
          38003              0        8182000              0              0      305438000
          39003              0        8192000              0              0      313630000
          40003              0        8194000              0              0      321824000
          41003              0        8191000              0              0      330015000
          42003              0        8191000              0              0      338206000
          43004              0        8130000              0              0      346336000
          44004              0        8190000              0              0      354526000
          45004              0        8128000              0              0      362654000
          46004              0        8128000              0              0      370782000
          47004              0        8128000              0              0      378910000
          48004              0        8064000              0              0      386974000
          49004              0        8107000              0              0      395081000
          50004              0        8085000              0              0      403166000
          51004              0        8064000              0              0      411230000
          52004              0        8064000              0              0      419294000
          53005              0        8002000              0              0      427296000
          54005              0        8062000              0              0      435358000
          55005              0        8001000              0              0      443359000
          56005              0        8063000              0              0      451422000
          57005              0        8000000              0              0      459422000
          58005              0        8000000              0              0      467422000
          59005              0        7938000              0              0      475360000
          60005              0        7998000              0              0      483358000
          61005              0        7956000              0              0      491314000
          62005              0        7916000              0              0      499230000
          63005              0        7873000              0              0      507103000
          64006              0        7871000              0              0      514974000
          65006              0        7872000              0              0      522846000
          66006              0        7871000              0              0      530717000
          67006              0        6115000              0              0      536832000
Benchmark finished.
finish bench
----------------------------------------------------------
Average Read Ops:	0. Average Write Ops:	8245265
[INFO] time 134681 ms: Closing instance ... 
[INFO] time 134681 ms: Waiting bg threads exit ... 
[INFO] time 134737 ms: PMem Usage: 103079229440 B, 100663310 KB, 98304 MB, 96 GB
[INFO] time 134738 ms: Cleaner Thread Num: 1
[INFO] time 134738 ms: PMem Usage: 103079229440 B, 100663310 KB, 98304 MB, 96 GB
[INFO] time 134739 ms: Instance closed
