[INFO] time 0 ms: Opening kvdk instance from /mnt/pmem0/kvdk_benchmark ...
[INFO] time 3896 ms: Map pmem space done
[INFO] time 3897 ms: Populating PMem space ...
[INFO] time 57172 ms: Populating done
[INFO] time 64692 ms: Start restore data
[INFO] time 64694 ms: RestoreData done: iterated 0 records
[INFO] time 64694 ms: Rebuild skiplist done
[INFO] time 64695 ms: Rebuild Lists done
[INFO] time 64695 ms: Rebuild HashLists done
[INFO] time 64695 ms: PMem Usage: 0 B, 0 KB, 0 MB, 0 GB
Init 0 readers and 64 writers.
----------------------------------------------------------
       Time(ms)       Read Ops      Write Ops      Not Found     Total Read    Total Write
           1000              0        6430000              0              0        6430000
           2000              0        7067000              0              0       13497000
           3000              0        7094000              0              0       20591000
           4000              0        7079000              0              0       27670000
           5000              0        7096000              0              0       34766000
           6000              0        7052000              0              0       41818000
           7000              0        7071000              0              0       48889000
           8000              0        7089000              0              0       55978000
           9000              0        7087000              0              0       63065000
          10000              0        7087000              0              0       70152000
          11000              0        7066000              0              0       77218000
          12001              0        7086000              0              0       84304000
          13001              0        7088000              0              0       91392000
          14001              0        7089000              0              0       98481000
          15001              0        7081000              0              0      105562000
          16001              0        7072000              0              0      112634000
          17001              0        7085000              0              0      119719000
          18001              0        7062000              0              0      126781000
          19001              0        7083000              0              0      133864000
          20001              0        7083000              0              0      140947000
          21001              0        7054000              0              0      148001000
          22001              0        7083000              0              0      155084000
          23001              0        7087000              0              0      162171000
          24001              0        7081000              0              0      169252000
          25002              0        7080000              0              0      176332000
          26002              0        7054000              0              0      183386000
          27002              0        7014000              0              0      190400000
          28002              0        7070000              0              0      197470000
          29002              0        7007000              0              0      204477000
          30002              0        7057000              0              0      211534000
          31002              0        7060000              0              0      218594000
          32002              0        7069000              0              0      225663000
          33002              0        7073000              0              0      232736000
          34002              0        7074000              0              0      239810000
          35002              0        7074000              0              0      246884000
          36002              0        7037000              0              0      253921000
          37003              0        7066000              0              0      260987000
          38003              0        7065000              0              0      268052000
          39003              0        7071000              0              0      275123000
          40003              0        7072000              0              0      282195000
          41003              0        7057000              0              0      289252000
          42003              0        7073000              0              0      296325000
          43003              0        6935000              0              0      303260000
          44003              0        7072000              0              0      310332000
          45003              0        7005000              0              0      317337000
          46003              0        7050000              0              0      324387000
          47003              0        7056000              0              0      331443000
          48004              0        6933000              0              0      338376000
          49004              0        7060000              0              0      345436000
          50004              0        7062000              0              0      352498000
          51004              0        7045000              0              0      359543000
          52004              0        6998000              0              0      366541000
          53004              0        7065000              0              0      373606000
          54004              0        7053000              0              0      380659000
          55004              0        7057000              0              0      387716000
          56004              0        7041000              0              0      394757000
          57004              0        7050000              0              0      401807000
          58004              0        7044000              0              0      408851000
          59004              0        7047000              0              0      415898000
          60005              0        6922000              0              0      422820000
          61005              0        7038000              0              0      429858000
          62005              0        7046000              0              0      436904000
          63005              0        6982000              0              0      443886000
          64005              0        7044000              0              0      450930000
          65005              0        6968000              0              0      457898000
          66005              0        7017000              0              0      464915000
          67005              0        7043000              0              0      471958000
          68005              0        7037000              0              0      478995000
          69005              0        6970000              0              0      485965000
          70005              0        7037000              0              0      493002000
          71005              0        7012000              0              0      500014000
          72006              0        7031000              0              0      507045000
          73006              0        7028000              0              0      514073000
          74006              0        7036000              0              0      521109000
          75006              0        7033000              0              0      528142000
          76006              0        6790000              0              0      534932000
          77006              0        1900000              0              0      536832000
Benchmark finished.
finish bench
----------------------------------------------------------
Average Read Ops:	0. Average Write Ops:	7049931
[INFO] time 141708 ms: Closing instance ... 
[INFO] time 141708 ms: Waiting bg threads exit ... 
[INFO] time 141757 ms: PMem Usage: 103079229440 B, 100663310 KB, 98304 MB, 96 GB
[INFO] time 141758 ms: Cleaner Thread Num: 1
[INFO] time 141758 ms: PMem Usage: 103079229440 B, 100663310 KB, 98304 MB, 96 GB
[INFO] time 141758 ms: Instance closed
