[INFO] time 0 ms: Opening kvdk instance from /mnt/pmem0/kvdk_benchmark ...
[INFO] time 3884 ms: Map pmem space done
[INFO] time 3884 ms: Populating PMem space ...
[INFO] time 58572 ms: Populating done
[INFO] time 66042 ms: Start restore data
[INFO] time 66044 ms: RestoreData done: iterated 0 records
[INFO] time 66045 ms: Rebuild skiplist done
[INFO] time 66046 ms: Rebuild Lists done
[INFO] time 66048 ms: Rebuild HashLists done
[INFO] time 66049 ms: PMem Usage: 0 B, 0 KB, 0 MB, 0 GB
Init 0 readers and 64 writers.
----------------------------------------------------------
       Time(ms)       Read Ops      Write Ops      Not Found     Total Read    Total Write
           1000              0        4088000              0              0        4088000
           2000              0        3887000              0              0        7975000
           3000              0        3889000              0              0       11864000
           4000              0        3893000              0              0       15757000
           5000              0        3887000              0              0       19644000
           6000              0        3886000              0              0       23530000
           7000              0        3882000              0              0       27412000
           8000              0        3893000              0              0       31305000
           9000              0        3889000              0              0       35194000
          10000              0        3891000              0              0       39085000
          11000              0        3890000              0              0       42975000
          12001              0        3890000              0              0       46865000
          13001              0        3884000              0              0       50749000
          14001              0        3898000              0              0       54647000
          15001              0        3895000              0              0       58542000
          16001              0        3887000              0              0       62429000
          17001              0        3881000              0              0       66310000
          18001              0        3887000              0              0       70197000
          19001              0        3882000              0              0       74079000
          20001              0        3874000              0              0       77953000
          21001              0        3891000              0              0       81844000
          22001              0        3886000              0              0       85730000
          23001              0        3889000              0              0       89619000
          24002              0        3898000              0              0       93517000
          25002              0        3892000              0              0       97409000
          26002              0        3892000              0              0      101301000
          27002              0        3897000              0              0      105198000
          28002              0        3896000              0              0      109094000
          29002              0        3894000              0              0      112988000
          30002              0        3896000              0              0      116884000
          31002              0        3896000              0              0      120780000
          32002              0        3898000              0              0      124678000
          33002              0        3886000              0              0      128564000
          34002              0        3899000              0              0      132463000
          35003              0        3897000              0              0      136360000
          36003              0        3888000              0              0      140248000
          37003              0        3893000              0              0      144141000
          38003              0        3896000              0              0      148037000
          39003              0        3899000              0              0      151936000
          40003              0        3888000              0              0      155824000
          41003              0        3895000              0              0      159719000
          42003              0        3893000              0              0      163612000
          43003              0        3895000              0              0      167507000
          44003              0        3899000              0              0      171406000
          45003              0        3886000              0              0      175292000
          46004              0        3903000              0              0      179195000
          47004              0        3892000              0              0      183087000
          48004              0        3892000              0              0      186979000
          49004              0        3897000              0              0      190876000
          50004              0        3887000              0              0      194763000
          51004              0        3900000              0              0      198663000
          52004              0        3901000              0              0      202564000
          53004              0        3890000              0              0      206454000
          54004              0        3899000              0              0      210353000
          55004              0        3896000              0              0      214249000
          56004              0        3896000              0              0      218145000
          57004              0        3891000              0              0      222036000
          58005              0        3892000              0              0      225928000
          59005              0        3897000              0              0      229825000
          60005              0        3898000              0              0      233723000
          61005              0        3895000              0              0      237618000
          62005              0        3899000              0              0      241517000
          63005              0        3896000              0              0      245413000
          64005              0        3891000              0              0      249304000
          65005              0        3894000              0              0      253198000
          66005              0        3897000              0              0      257095000
          67005              0        3888000              0              0      260983000
          68005              0        3899000              0              0      264882000
          69005              0        3885000              0              0      268767000
          70006              0        3892000              0              0      272659000
          71006              0        3890000              0              0      276549000
          72006              0        3902000              0              0      280451000
          73006              0        3898000              0              0      284349000
          74006              0        3891000              0              0      288240000
          75006              0        3892000              0              0      292132000
          76006              0        3899000              0              0      296031000
          77006              0        3890000              0              0      299921000
          78006              0        3894000              0              0      303815000
          79006              0        3892000              0              0      307707000
          80006              0        3894000              0              0      311601000
          81007              0        3882000              0              0      315483000
          82007              0        3888000              0              0      319371000
          83007              0        3887000              0              0      323258000
          84007              0        3883000              0              0      327141000
          85007              0        3892000              0              0      331033000
          86007              0        3890000              0              0      334923000
          87007              0        3890000              0              0      338813000
          88007              0        3892000              0              0      342705000
          89007              0        3887000              0              0      346592000
          90007              0        3894000              0              0      350486000
          91007              0        3888000              0              0      354374000
          92008              0        3884000              0              0      358258000
          93008              0        3880000              0              0      362138000
          94008              0        3887000              0              0      366025000
          95008              0        3884000              0              0      369909000
          96008              0        3886000              0              0      373795000
          97008              0        3879000              0              0      377674000
          98008              0        3890000              0              0      381564000
          99008              0        3878000              0              0      385442000
         100008              0        3882000              0              0      389324000
         101008              0        3884000              0              0      393208000
         102008              0        3888000              0              0      397096000
         103008              0        3887000              0              0      400983000
         104009              0        3876000              0              0      404859000
         105009              0        3882000              0              0      408741000
         106009              0        3884000              0              0      412625000
         107009              0        3884000              0              0      416509000
         108009              0        3883000              0              0      420392000
         109009              0        3884000              0              0      424276000
         110009              0        3884000              0              0      428160000
         111009              0        3884000              0              0      432044000
         112009              0        3884000              0              0      435928000
         113009              0        3882000              0              0      439810000
         114009              0        3892000              0              0      443702000
         115010              0        3880000              0              0      447582000
         116010              0        3893000              0              0      451475000
         117010              0        3888000              0              0      455363000
         118010              0        3889000              0              0      459252000
         119010              0        3887000              0              0      463139000
         120010              0        3893000              0              0      467032000
         121010              0        3895000              0              0      470927000
         122010              0        3895000              0              0      474822000
         123010              0        3890000              0              0      478712000
         124010              0        3884000              0              0      482596000
         125010              0        3888000              0              0      486484000
         126010              0        3893000              0              0      490377000
         127011              0        3888000              0              0      494265000
         128011              0        3894000              0              0      498159000
         129011              0        3890000              0              0      502049000
         130011              0        3888000              0              0      505937000
         131011              0        3889000              0              0      509826000
         132011              0        3890000              0              0      513716000
         133011              0        3893000              0              0      517609000
         134011              0        3891000              0              0      521500000
         135011              0        3887000              0              0      525387000
         136011              0        3893000              0              0      529280000
         137011              0        3886000              0              0      533166000
         138011              0        3666000              0              0      536832000
Benchmark finished.
finish bench
----------------------------------------------------------
Average Read Ops:	0. Average Write Ops:	3890335
[INFO] time 204066 ms: Closing instance ... 
[INFO] time 204066 ms: Waiting bg threads exit ... 
[INFO] time 204070 ms: PMem Usage: 103079229440 B, 100663310 KB, 98304 MB, 96 GB
[INFO] time 204070 ms: Cleaner Thread Num: 1
[INFO] time 204071 ms: PMem Usage: 103079229440 B, 100663310 KB, 98304 MB, 96 GB
[INFO] time 204071 ms: Instance closed
