Init 0 readers and 64 writers.
----------------------------------------------------------
       Time(ms)       Read Ops      Write Ops      Not Found     Total Read    Total Write
           1000              0      607837000              0              0      607837000
           2000              0      620555000              0              0     1228392000
           3000              0      599822000              0              0     1828214000
           4000              0      596270000              0              0     2424484000
           5000              0      596525000              0              0     3021009000
           6000              0      596148000              0              0     3617157000
           7000              0      597165000              0              0     4214322000
           8000              0      596763000              0              0     4811085000
           9000              0      597099000              0              0     5408184000
          10000              0      596538000              0              0     6004722000
          11000              0      596255000              0              0     6600977000
          12000              0      596265000              0              0     7197242000
          13000              0      596258000              0              0     7793500000
          14000              0      596261000              0              0     8389761000
          15000              0      599482000              0              0     8989243000
          16001              0      603284000              0              0     9592527000
          17001              0      606946000              0              0    10199473000
          18001              0      536876000              0              0    10736349000
          19001              0        1059000              0              0    10737408000
Benchmark finished.
finish bench
----------------------------------------------------------
Average Read Ops:	0. Average Write Ops:	598072066
