Init 0 readers and 64 writers.
----------------------------------------------------------
       Time(ms)       Read Ops      Write Ops      Not Found     Total Read    Total Write
           1000              0      618848000              0              0      618848000
           2000              0      619001000              0              0     1237849000
           3000              0      598238000              0              0     1836087000
           4000              0      598547000              0              0     2434634000
           5000              0      598390000              0              0     3033024000
           6000              0      598370000              0              0     3631394000
           7000              0      598758000              0              0     4230152000
           8000              0      598467000              0              0     4828619000
           9000              0      600365000              0              0     5428984000
          10000              0      608424000              0              0     6037408000
          11000              0      611353000              0              0     6648761000
          12000              0      613403000              0              0     7262164000
          13000              0      614419000              0              0     7876583000
          14000              0      614350000              0              0     8490933000
          15001              0      614400000              0              0     9105333000
          16001              0      622188000              0              0     9727521000
          17001              0      629792000              0              0    10357313000
          18001              0      380095000              0              0    10737408000
Benchmark finished.
finish bench
----------------------------------------------------------
Average Read Ops:	0. Average Write Ops:	607964266
