Init 64 readers and 0 writers.
----------------------------------------------------------
       Time(ms)       Read Ops      Write Ops      Not Found     Total Read    Total Write
           1000      615645000              0              0      615645000              0
           2000      627680000              0              0     1243325000              0
           3000      606119000              0              0     1849444000              0
           4000      603788000              0              0     2453232000              0
           5000      605747000              0              0     3058979000              0
           6000      606461000              0              0     3665440000              0
           7000      606507000              0              0     4271947000              0
           8000      606099000              0              0     4878046000              0
           9000      602561000              0              0     5480607000              0
          10000      598239000              0              0     6078846000              0
          11000      598740000              0              0     6677586000              0
          12000      598856000              0              0     7276442000              0
          13000      597862000              0              0     7874304000              0
          14000      598035000              0              0     8472339000              0
          15001      597029000              0              0     9069368000              0
          16001      595600000              0              0     9664968000              0
          17001      596359000              0              0    10261327000              0
          18001      476081000              0              0    10737408000              0
Benchmark finished.
finish bench
----------------------------------------------------------
Average Read Ops:	601200133. Average Write Ops:	0
