Init 58 readers and 6 writers.
----------------------------------------------------------
       Time(ms)       Read Ops      Write Ops      Not Found     Total Read    Total Write
           1000      558485000       56756000              0      558485000       56756000
           2000      540592000       54900000              0     1099077000      111656000
           3000      541113000       55065000              0     1640190000      166721000
           4000      540972000       55026000              0     2181162000      221747000
           5000      541862000       55139000              0     2723024000      276886000
           6000      541164000       55021000              0     3264188000      331907000
           7000      541566000       55099000              0     3805754000      387006000
           8000      540774000       55057000              0     4346528000      442063000
           9000      541490000       55129000              0     4888018000      497192000
          10000      541437000       55086000              0     5429455000      552278000
          11000      541210000       55042000              0     5970665000      607320000
          12000      540669000       54916000              0     6511334000      662236000
          13000      541279000       55108000              0     7052613000      717344000
          14000      542486000       55150000              0     7595099000      772494000
          15000      541417000       55035000              0     8136516000      827529000
          16001      541011000       55058000              0     8677527000      882587000
          17001      540535000       55008000              0     9218062000      937595000
          18001      506549000       57364000              0     9724611000      994959000
          19001        6165000       11673000              0     9730776000     1006632000
Benchmark finished.
finish bench
----------------------------------------------------------
Average Read Ops:	541265666. Average Write Ops:	55062600
