Init 0 readers and 64 writers.
----------------------------------------------------------
       Time(ms)       Read Ops      Write Ops      Not Found     Total Read    Total Write
           1000              0      632114000              0              0      632114000
           2000              0      642865000              0              0     1274979000
           3000              0      626347000              0              0     1901326000
           4000              0      625580000              0              0     2526906000
           5000              0      621311000              0              0     3148217000
           6000              0      629155000              0              0     3777372000
           7000              0      625674000              0              0     4403046000
           8000              0      630746000              0              0     5033792000
           9000              0      613188000              0              0     5646980000
          10000              0      629306000              0              0     6276286000
          11000              0      632685000              0              0     6908971000
          12000              0      627811000              0              0     7536782000
          13000              0      612857000              0              0     8149639000
          14000              0      633974000              0              0     8783613000
          15000              0      635078000              0              0     9418691000
          16001              0      633987000              0              0    10052678000
          17001              0      616185000              0              0    10668863000
          18001              0       68545000              0              0    10737408000
Benchmark finished.
finish bench
----------------------------------------------------------
Average Read Ops:	0. Average Write Ops:	626978500
