[INFO] time 0 ms: Opening kvdk instance from /mnt/pmem0/kvdk_benchmark ...
[INFO] time 3878 ms: Map pmem space done
[INFO] time 3878 ms: Populating PMem space ...
[INFO] time 60809 ms: Populating done
[INFO] time 68236 ms: Start restore data
[INFO] time 68238 ms: RestoreData done: iterated 0 records
[INFO] time 68239 ms: Rebuild skiplist done
[INFO] time 68239 ms: Rebuild Lists done
[INFO] time 68240 ms: Rebuild HashLists done
[INFO] time 68240 ms: PMem Usage: 0 B, 0 KB, 0 MB, 0 GB
Init 0 readers and 64 writers.
----------------------------------------------------------
       Time(ms)       Read Ops      Write Ops      Not Found     Total Read    Total Write
           1000              0        2963000              0              0        2963000
           2000              0        2934000              0              0        5897000
           3000              0        2932000              0              0        8829000
           4000              0        2926000              0              0       11755000
           5000              0        3570000              0              0       15325000
           6000              0        3781000              0              0       19106000
           7000              0        3789000              0              0       22895000
           8000              0        3783000              0              0       26678000
           9000              0        3779000              0              0       30457000
          10000              0        3787000              0              0       34244000
          11000              0        3785000              0              0       38029000
          12000              0        3369000              0              0       41398000
          13000              0        2929000              0              0       44327000
          14001              0        2928000              0              0       47255000
          15001              0        2928000              0              0       50183000
          16001              0        2930000              0              0       53113000
          17001              0        2932000              0              0       56045000
          18001              0        2929000              0              0       58974000
          19001              0        2928000              0              0       61902000
          20001              0        2933000              0              0       64835000
          21001              0        2920000              0              0       67755000
          22001              0        2931000              0              0       70686000
          23001              0        2932000              0              0       73618000
          24001              0        2924000              0              0       76542000
          25002              0        2935000              0              0       79477000
          26002              0        2930000              0              0       82407000
          27002              0        2925000              0              0       85332000
          28002              0        2925000              0              0       88257000
          29002              0        2931000              0              0       91188000
          30002              0        2933000              0              0       94121000
          31002              0        2927000              0              0       97048000
          32002              0        2933000              0              0       99981000
          33002              0        2929000              0              0      102910000
          34002              0        2929000              0              0      105839000
          35002              0        2932000              0              0      108771000
          36002              0        2934000              0              0      111705000
          37003              0        2927000              0              0      114632000
          38003              0        2934000              0              0      117566000
          39003              0        2937000              0              0      120503000
          40003              0        2929000              0              0      123432000
          41003              0        2929000              0              0      126361000
          42003              0        2930000              0              0      129291000
          43003              0        2925000              0              0      132216000
          44003              0        2934000              0              0      135150000
          45003              0        2925000              0              0      138075000
          46003              0        2928000              0              0      141003000
          47003              0        2932000              0              0      143935000
          48003              0        2921000              0              0      146856000
          49004              0        2927000              0              0      149783000
          50004              0        2937000              0              0      152720000
          51004              0        2916000              0              0      155636000
          52004              0        2936000              0              0      158572000
          53004              0        2919000              0              0      161491000
          54004              0        2935000              0              0      164426000
          55004              0        2922000              0              0      167348000
          56004              0        2927000              0              0      170275000
          57004              0        2929000              0              0      173204000
          58004              0        2925000              0              0      176129000
          59004              0        2933000              0              0      179062000
          60004              0        2925000              0              0      181987000
          61005              0        2936000              0              0      184923000
          62005              0        2932000              0              0      187855000
          63005              0        2931000              0              0      190786000
          64005              0        2931000              0              0      193717000
          65005              0        2935000              0              0      196652000
          66005              0        2932000              0              0      199584000
          67005              0        2929000              0              0      202513000
          68005              0        2937000              0              0      205450000
          69005              0        2931000              0              0      208381000
          70005              0        2927000              0              0      211308000
          71005              0        2936000              0              0      214244000
          72005              0        2931000              0              0      217175000
          73006              0        2934000              0              0      220109000
          74006              0        2931000              0              0      223040000
          75006              0        2925000              0              0      225965000
          76006              0        2934000              0              0      228899000
          77006              0        2932000              0              0      231831000
          78006              0        2930000              0              0      234761000
          79006              0        2933000              0              0      237694000
          80006              0        2926000              0              0      240620000
          81006              0        2926000              0              0      243546000
          82006              0        2924000              0              0      246470000
          83006              0        2936000              0              0      249406000
          84007              0        2933000              0              0      252339000
          85007              0        2936000              0              0      255275000
          86007              0        2926000              0              0      258201000
          87007              0        2933000              0              0      261134000
          88007              0        2931000              0              0      264065000
          89007              0        2921000              0              0      266986000
          90007              0        2929000              0              0      269915000
          91007              0        2932000              0              0      272847000
          92007              0        2929000              0              0      275776000
          93007              0        2936000              0              0      278712000
          94007              0        2935000              0              0      281647000
          95007              0        2924000              0              0      284571000
          96007              0        2929000              0              0      287500000
          97008              0        2931000              0              0      290431000
          98008              0        2931000              0              0      293362000
          99008              0        2928000              0              0      296290000
         100008              0        2938000              0              0      299228000
         101008              0        2937000              0              0      302165000
         102008              0        2922000              0              0      305087000
         103008              0        2935000              0              0      308022000
         104008              0        2932000              0              0      310954000
         105008              0        2924000              0              0      313878000
         106008              0        2930000              0              0      316808000
         107008              0        2930000              0              0      319738000
         108008              0        3209000              0              0      322947000
         109009              0        3780000              0              0      326727000
         110009              0        3783000              0              0      330510000
         111009              0        3489000              0              0      333999000
         112009              0        2930000              0              0      336929000
         113009              0        2928000              0              0      339857000
         114009              0        2932000              0              0      342789000
         115009              0        2925000              0              0      345714000
         116009              0        2922000              0              0      348636000
         117009              0        2931000              0              0      351567000
         118009              0        2930000              0              0      354497000
         119009              0        2934000              0              0      357431000
         120009              0        2929000              0              0      360360000
         121010              0        2933000              0              0      363293000
         122010              0        2934000              0              0      366227000
         123010              0        2933000              0              0      369160000
         124010              0        2936000              0              0      372096000
         125010              0        2924000              0              0      375020000
         126010              0        2929000              0              0      377949000
         127010              0        2932000              0              0      380881000
         128010              0        2931000              0              0      383812000
         129010              0        2929000              0              0      386741000
         130010              0        2932000              0              0      389673000
         131010              0        2929000              0              0      392602000
         132011              0        2933000              0              0      395535000
         133011              0        2929000              0              0      398464000
         134011              0        2934000              0              0      401398000
         135011              0        2929000              0              0      404327000
         136011              0        2927000              0              0      407254000
         137011              0        2933000              0              0      410187000
         138011              0        2927000              0              0      413114000
         139011              0        2929000              0              0      416043000
         140011              0        2936000              0              0      418979000
         141011              0        2928000              0              0      421907000
         142011              0        2932000              0              0      424839000
         143011              0        2925000              0              0      427764000
         144012              0        2928000              0              0      430692000
         145012              0        2932000              0              0      433624000
         146012              0        2929000              0              0      436553000
         147012              0        2927000              0              0      439480000
         148012              0        2932000              0              0      442412000
         149012              0        2930000              0              0      445342000
         150012              0        2929000              0              0      448271000
         151012              0        2929000              0              0      451200000
         152012              0        2934000              0              0      454134000
         153012              0        2934000              0              0      457068000
         154012              0        2931000              0              0      459999000
         155012              0        2933000              0              0      462932000
         156013              0        2930000              0              0      465862000
         157013              0        2931000              0              0      468793000
         158013              0        2934000              0              0      471727000
         159013              0        2933000              0              0      474660000
         160013              0        2934000              0              0      477594000
         161013              0        2932000              0              0      480526000
         162013              0        2928000              0              0      483454000
         163013              0        2933000              0              0      486387000
         164013              0        2933000              0              0      489320000
         165013              0        2933000              0              0      492253000
         166013              0        2928000              0              0      495181000
         167013              0        2925000              0              0      498106000
         168014              0        2932000              0              0      501038000
         169014              0        2932000              0              0      503970000
         170014              0        2928000              0              0      506898000
         171014              0        2926000              0              0      509824000
         172014              0        2936000              0              0      512760000
         173014              0        2925000              0              0      515685000
         174014              0        2935000              0              0      518620000
         175014              0        2930000              0              0      521550000
         176014              0        2935000              0              0      524485000
         177014              0        2925000              0              0      527410000
         178014              0        2932000              0              0      530342000
         179014              0        2929000              0              0      533271000
         180015              0        2932000              0              0      536203000
         181015              0         629000              0              0      536832000
Benchmark finished.
finish bench
----------------------------------------------------------
Average Read Ops:	0. Average Write Ops:	2979514
[INFO] time 249263 ms: Closing instance ... 
[INFO] time 249263 ms: Waiting bg threads exit ... 
[INFO] time 249269 ms: PMem Usage: 103079229440 B, 100663310 KB, 98304 MB, 96 GB
[INFO] time 249270 ms: Cleaner Thread Num: 1
[INFO] time 249270 ms: PMem Usage: 103079229440 B, 100663310 KB, 98304 MB, 96 GB
[INFO] time 249270 ms: Instance closed
