Init 0 readers and 64 writers.
----------------------------------------------------------
       Time(ms)       Read Ops      Write Ops      Not Found     Total Read    Total Write
           1000              0      616711000              0              0      616711000
           2000              0      616955000              0              0     1233666000
           3000              0      600755000              0              0     1834421000
           4000              0      594078000              0              0     2428499000
           5000              0      594338000              0              0     3022837000
           6000              0      593466000              0              0     3616303000
           7000              0      593701000              0              0     4210004000
           8000              0      594506000              0              0     4804510000
           9000              0      594387000              0              0     5398897000
          10000              0      594253000              0              0     5993150000
          11000              0      593862000              0              0     6587012000
          12000              0      593946000              0              0     7180958000
          13000              0      593501000              0              0     7774459000
          14000              0      593532000              0              0     8367991000
          15001              0      593381000              0              0     8961372000
          16001              0      594984000              0              0     9556356000
          17001              0      608355000              0              0    10164711000
          18001              0      569621000              0              0    10734332000
          19001              0        3076000              0              0    10737408000
Benchmark finished.
finish bench
----------------------------------------------------------
Average Read Ops:	0. Average Write Ops:	595403000
