Init 0 readers and 64 writers.
----------------------------------------------------------
       Time(ms)       Read Ops      Write Ops      Not Found     Total Read    Total Write
           1000              0      637693000              0              0      637693000
           2000              0      647500000              0              0     1285193000
           3000              0      619102000              0              0     1904295000
           4000              0      602152000              0              0     2506447000
           5000              0      602550000              0              0     3108997000
           6000              0      602293000              0              0     3711290000
           7000              0      606774000              0              0     4318064000
           8000              0      613608000              0              0     4931672000
           9000              0      602776000              0              0     5534448000
          10000              0      605148000              0              0     6139596000
          11000              0      616704000              0              0     6756300000
          12000              0      629835000              0              0     7386135000
          13000              0      633712000              0              0     8019847000
          14001              0      633663000              0              0     8653510000
          15001              0      633707000              0              0     9287217000
          16001              0      633756000              0              0     9920973000
          17001              0      625299000              0              0    10546272000
          18001              0      191136000              0              0    10737408000
Benchmark finished.
finish bench
----------------------------------------------------------
Average Read Ops:	0. Average Write Ops:	617405266
