Init 64 readers and 0 writers.
----------------------------------------------------------
       Time(ms)       Read Ops      Write Ops      Not Found     Total Read    Total Write
           1000      610405000              0              0      610405000              0
           2000      620382000              0              0     1230787000              0
           3000      594495000              0              0     1825282000              0
           4000      589314000              0              0     2414596000              0
           5000      590171000              0              0     3004767000              0
           6000      590164000              0              0     3594931000              0
           7000      592724000              0              0     4187655000              0
           8000      592443000              0              0     4780098000              0
           9000      587764000              0              0     5367862000              0
          10000      582280000              0              0     5950142000              0
          11000      582125000              0              0     6532267000              0
          12000      582400000              0              0     7114667000              0
          13000      581509000              0              0     7696176000              0
          14001      581826000              0              0     8278002000              0
          15001      582172000              0              0     8860174000              0
          16001      582633000              0              0     9442807000              0
          17001      584776000              0              0    10027583000              0
          18001      584145000              0              0    10611728000              0
          19001      125680000              0              0    10737408000              0
Benchmark finished.
finish bench
----------------------------------------------------------
Average Read Ops:	586453066. Average Write Ops:	0
