Init 58 readers and 6 writers.
----------------------------------------------------------
       Time(ms)       Read Ops      Write Ops      Not Found     Total Read    Total Write
           1000      563505000       57777000              0      563505000       57777000
           2000      556742000       57117000              0     1120247000      114894000
           3000      541828000       55631000              0     1662075000      170525000
           4000      541796000       55676000              0     2203871000      226201000
           5000      542624000       55818000              0     2746495000      282019000
           6000      543251000       55935000              0     3289746000      337954000
           7000      542979000       55879000              0     3832725000      393833000
           8000      543178000       55894000              0     4375903000      449727000
           9000      542599000       55824000              0     4918502000      505551000
          10000      542649000       55809000              0     5461151000      561360000
          11000      541870000       55766000              0     6003021000      617126000
          12000      541599000       55694000              0     6544620000      672820000
          13000      542956000       55812000              0     7087576000      728632000
          14000      542960000       55873000              0     7630536000      784505000
          15001      542507000       55857000              0     8173043000      840362000
          16001      542634000       55839000              0     8715677000      896201000
          17001      543128000       55898000              0     9258805000      952099000
          18001      471971000       53977000              0     9730776000     1006076000
          19001              0         556000              0     9730776000     1006632000
Benchmark finished.
finish bench
----------------------------------------------------------
Average Read Ops:	542570533. Average Write Ops:	55813666
