Init 0 readers and 64 writers.
----------------------------------------------------------
       Time(ms)       Read Ops      Write Ops      Not Found     Total Read    Total Write
           1000              0      621451000              0              0      621451000
           2000              0      624090000              0              0     1245541000
           3000              0      620855000              0              0     1866396000
           4000              0      597413000              0              0     2463809000
           5000              0      601878000              0              0     3065687000
           6000              0      617793000              0              0     3683480000
           7000              0      628524000              0              0     4312004000
           8000              0      617070000              0              0     4929074000
           9000              0      614441000              0              0     5543515000
          10000              0      615388000              0              0     6158903000
          11000              0      624764000              0              0     6783667000
          12000              0      625074000              0              0     7408741000
          13000              0      603414000              0              0     8012155000
          14000              0      599366000              0              0     8611521000
          15001              0      626404000              0              0     9237925000
          16001              0      622692000              0              0     9860617000
          17001              0      611698000              0              0    10472315000
          18001              0      265093000              0              0    10737408000
Benchmark finished.
finish bench
----------------------------------------------------------
Average Read Ops:	0. Average Write Ops:	615118266
