[INFO] time 0 ms: Opening kvdk instance from /mnt/pmem0/kvdk_benchmark ...
[INFO] time 3889 ms: Map pmem space done
[INFO] time 3890 ms: Populating PMem space ...
[INFO] time 60546 ms: Populating done
[INFO] time 68049 ms: Start restore data
[INFO] time 68052 ms: RestoreData done: iterated 0 records
[INFO] time 68052 ms: Rebuild skiplist done
[INFO] time 68054 ms: Rebuild Lists done
[INFO] time 68056 ms: Rebuild HashLists done
[INFO] time 68056 ms: PMem Usage: 0 B, 0 KB, 0 MB, 0 GB
Create 16 Sorted Collections
Init 0 readers and 64 writers.
----------------------------------------------------------
       Time(ms)       Read Ops      Write Ops      Not Found     Total Read    Total Write
           1000              0        1659000              0              0        1659000
           2000              0        1357000              0              0        3016000
           3000              0        2484000              0              0        5500000
           4000              0       10623000              0              0       16123000
           5000              0       10466000              0              0       26589000
           6000              0       10015000              0              0       36604000
           7000              0        9896000              0              0       46500000
           8000              0        9784000              0              0       56284000
           9000              0        9716000              0              0       66000000
          10000              0        9650000              0              0       75650000
          11001              0        9531000              0              0       85181000
          12001              0        9533000              0              0       94714000
          13001              0        9481000              0              0      104195000
          14001              0        9501000              0              0      113696000
          15001              0        9594000              0              0      123290000
          16001              0        9535000              0              0      132825000
          17001              0        9502000              0              0      142327000
          18001              0        9427000              0              0      151754000
          19001              0        9403000              0              0      161157000
          20001              0        9402000              0              0      170559000
          21002              0        9360000              0              0      179919000
          22002              0        9335000              0              0      189254000
          23002              0        9297000              0              0      198551000
          24002              0        9259000              0              0      207810000
          25002              0        9234000              0              0      217044000
          26002              0        9230000              0              0      226274000
          27002              0        9285000              0              0      235559000
          28002              0        9231000              0              0      244790000
          29002              0        9252000              0              0      254042000
          30002              0        9192000              0              0      263234000
          31002              0        9254000              0              0      272488000
          32003              0        9259000              0              0      281747000
          33003              0        9226000              0              0      290973000
          34003              0        9236000              0              0      300209000
          35003              0        9216000              0              0      309425000
          36003              0        9197000              0              0      318622000
          37003              0        9271000              0              0      327893000
          38003              0        9089000              0              0      336982000
          39003              0        8988000              0              0      345970000
          40003              0        9024000              0              0      354994000
          41003              0        8960000              0              0      363954000
          42004              0        9008000              0              0      372962000
          43004              0        8948000              0              0      381910000
          44004              0        8922000              0              0      390832000
          45004              0        8898000              0              0      399730000
          46004              0        8888000              0              0      408618000
          47004              0        8876000              0              0      417494000
          48004              0        8896000              0              0      426390000
          49004              0        8860000              0              0      435250000
          50004              0        8895000              0              0      444145000
          51004              0        8805000              0              0      452950000
          52004              0        8796000              0              0      461746000
          53005              0        8804000              0              0      470550000
          54005              0        8768000              0              0      479318000
          55005              0        8757000              0              0      488075000
          56005              0        8743000              0              0      496818000
          57005              0        8804000              0              0      505622000
          58005              0        8732000              0              0      514354000
          59005              0        8740000              0              0      523094000
          60005              0        8732000              0              0      531826000
          61005              0        5006000              0              0      536832000
Benchmark finished.
finish bench
----------------------------------------------------------
Average Read Ops:	0. Average Write Ops:	9117413
[INFO] time 129075 ms: Closing instance ... 
[INFO] time 129075 ms: Waiting bg threads exit ... 
[INFO] time 129116 ms: PMem Usage: 103079229440 B, 100663310 KB, 98304 MB, 96 GB
[INFO] time 129117 ms: Cleaner Thread Num: 1
[INFO] time 129118 ms: PMem Usage: 103079229440 B, 100663310 KB, 98304 MB, 96 GB
[INFO] time 129118 ms: Instance closed
