[INFO] time 0 ms: Opening kvdk instance from /mnt/pmem0/kvdk_benchmark ...
[INFO] time 3868 ms: Map pmem space done
[INFO] time 3868 ms: Populating PMem space ...
[INFO] time 58047 ms: Populating done
[INFO] time 65530 ms: Start restore data
[INFO] time 65532 ms: RestoreData done: iterated 0 records
[INFO] time 65532 ms: Rebuild skiplist done
[INFO] time 65533 ms: Rebuild Lists done
[INFO] time 65533 ms: Rebuild HashLists done
[INFO] time 65533 ms: PMem Usage: 0 B, 0 KB, 0 MB, 0 GB
Init 0 readers and 64 writers.
----------------------------------------------------------
       Time(ms)       Read Ops      Write Ops      Not Found     Total Read    Total Write
           1000              0        4030000              0              0        4030000
           2000              0        4084000              0              0        8114000
           3000              0        4083000              0              0       12197000
           4000              0        4084000              0              0       16281000
           5000              0        4091000              0              0       20372000
           6000              0        4079000              0              0       24451000
           7000              0        4093000              0              0       28544000
           8000              0        4089000              0              0       32633000
           9000              0        4080000              0              0       36713000
          10000              0        4089000              0              0       40802000
          11000              0        4084000              0              0       44886000
          12000              0        4079000              0              0       48965000
          13000              0        4095000              0              0       53060000
          14000              0        4085000              0              0       57145000
          15001              0        4085000              0              0       61230000
          16001              0        4086000              0              0       65316000
          17001              0        4086000              0              0       69402000
          18001              0        4097000              0              0       73499000
          19001              0        4084000              0              0       77583000
          20001              0        4090000              0              0       81673000
          21001              0        4084000              0              0       85757000
          22001              0        4091000              0              0       89848000
          23001              0        4086000              0              0       93934000
          24001              0        4087000              0              0       98021000
          25001              0        4085000              0              0      102106000
          26001              0        4091000              0              0      106197000
          27001              0        4088000              0              0      110285000
          28001              0        4071000              0              0      114356000
          29001              0        4092000              0              0      118448000
          30002              0        4089000              0              0      122537000
          31002              0        4091000              0              0      126628000
          32002              0        4088000              0              0      130716000
          33002              0        4089000              0              0      134805000
          34002              0        4089000              0              0      138894000
          35002              0        4093000              0              0      142987000
          36002              0        4083000              0              0      147070000
          37002              0        4091000              0              0      151161000
          38002              0        4089000              0              0      155250000
          39002              0        4087000              0              0      159337000
          40002              0        4093000              0              0      163430000
          41002              0        4092000              0              0      167522000
          42002              0        4092000              0              0      171614000
          43002              0        4084000              0              0      175698000
          44003              0        4092000              0              0      179790000
          45003              0        4084000              0              0      183874000
          46003              0        4084000              0              0      187958000
          47003              0        4094000              0              0      192052000
          48003              0        4091000              0              0      196143000
          49003              0        4087000              0              0      200230000
          50003              0        4088000              0              0      204318000
          51003              0        4094000              0              0      208412000
          52003              0        4085000              0              0      212497000
          53003              0        4090000              0              0      216587000
          54003              0        4094000              0              0      220681000
          55003              0        4068000              0              0      224749000
          56003              0        4095000              0              0      228844000
          57003              0        4087000              0              0      232931000
          58003              0        4087000              0              0      237018000
          59004              0        4091000              0              0      241109000
          60004              0        4094000              0              0      245203000
          61004              0        4084000              0              0      249287000
          62004              0        4087000              0              0      253374000
          63004              0        4089000              0              0      257463000
          64004              0        4089000              0              0      261552000
          65004              0        4083000              0              0      265635000
          66004              0        4088000              0              0      269723000
          67004              0        4082000              0              0      273805000
          68004              0        4088000              0              0      277893000
          69004              0        4089000              0              0      281982000
          70004              0        4089000              0              0      286071000
          71004              0        4087000              0              0      290158000
          72004              0        4083000              0              0      294241000
          73005              0        4090000              0              0      298331000
          74005              0        4085000              0              0      302416000
          75005              0        4089000              0              0      306505000
          76005              0        4092000              0              0      310597000
          77005              0        4080000              0              0      314677000
          78005              0        4088000              0              0      318765000
          79005              0        4088000              0              0      322853000
          80005              0        4087000              0              0      326940000
          81005              0        4089000              0              0      331029000
          82005              0        4089000              0              0      335118000
          83005              0        4092000              0              0      339210000
          84005              0        4091000              0              0      343301000
          85005              0        4092000              0              0      347393000
          86005              0        4087000              0              0      351480000
          87005              0        4086000              0              0      355566000
          88006              0        4083000              0              0      359649000
          89006              0        4086000              0              0      363735000
          90006              0        4090000              0              0      367825000
          91006              0        4088000              0              0      371913000
          92006              0        4083000              0              0      375996000
          93006              0        4095000              0              0      380091000
          94006              0        4084000              0              0      384175000
          95006              0        4093000              0              0      388268000
          96006              0        4083000              0              0      392351000
          97006              0        4091000              0              0      396442000
          98006              0        4091000              0              0      400533000
          99006              0        4080000              0              0      404613000
         100006              0        4086000              0              0      408699000
         101006              0        4088000              0              0      412787000
         102006              0        4087000              0              0      416874000
         103007              0        4088000              0              0      420962000
         104007              0        4085000              0              0      425047000
         105007              0        4088000              0              0      429135000
         106007              0        4088000              0              0      433223000
         107007              0        4088000              0              0      437311000
         108007              0        4085000              0              0      441396000
         109007              0        4090000              0              0      445486000
         110007              0        4052000              0              0      449538000
         111007              0        4092000              0              0      453630000
         112007              0        4090000              0              0      457720000
         113007              0        4090000              0              0      461810000
         114007              0        4089000              0              0      465899000
         115007              0        4097000              0              0      469996000
         116007              0        4090000              0              0      474086000
         117008              0        4093000              0              0      478179000
         118008              0        4087000              0              0      482266000
         119008              0        4087000              0              0      486353000
         120008              0        4089000              0              0      490442000
         121008              0        4090000              0              0      494532000
         122008              0        4086000              0              0      498618000
         123008              0        4095000              0              0      502713000
         124008              0        4084000              0              0      506797000
         125008              0        4094000              0              0      510891000
         126008              0        4095000              0              0      514986000
         127008              0        4090000              0              0      519076000
         128008              0        4093000              0              0      523169000
         129008              0        4085000              0              0      527254000
         130008              0        4087000              0              0      531341000
         131008              0        4090000              0              0      535431000
         132009              0        1401000              0              0      536832000
Benchmark finished.
finish bench
----------------------------------------------------------
Average Read Ops:	0. Average Write Ops:	4087728
[INFO] time 197547 ms: Closing instance ... 
[INFO] time 197547 ms: Waiting bg threads exit ... 
[INFO] time 197548 ms: PMem Usage: 103079229440 B, 100663310 KB, 98304 MB, 96 GB
[INFO] time 197548 ms: Cleaner Thread Num: 1
[INFO] time 197548 ms: PMem Usage: 103079229440 B, 100663310 KB, 98304 MB, 96 GB
[INFO] time 197549 ms: Instance closed
