[INFO] time 0 ms: Opening kvdk instance from /mnt/pmem0/kvdk_benchmark ...
[INFO] time 3871 ms: Map pmem space done
[INFO] time 3871 ms: Populating PMem space ...
[INFO] time 58458 ms: Populating done
[INFO] time 65896 ms: Start restore data
[INFO] time 65898 ms: RestoreData done: iterated 0 records
[INFO] time 65898 ms: Rebuild skiplist done
[INFO] time 65898 ms: Rebuild Lists done
[INFO] time 65899 ms: Rebuild HashLists done
[INFO] time 65899 ms: PMem Usage: 0 B, 0 KB, 0 MB, 0 GB
Create 16 Sorted Collections
Init 0 readers and 64 writers.
----------------------------------------------------------
       Time(ms)       Read Ops      Write Ops      Not Found     Total Read    Total Write
           1000              0        2829000              0              0        2829000
           2000              0        6544000              0              0        9373000
           3000              0        9212000              0              0       18585000
           4000              0        8896000              0              0       27481000
           5000              0        8772000              0              0       36253000
           6000              0        8764000              0              0       45017000
           7000              0        8640000              0              0       53657000
           8000              0        8580000              0              0       62237000
           9000              0        8572000              0              0       70809000
          10000              0        8512000              0              0       79321000
          11000              0        8512000              0              0       87833000
          12001              0        8512000              0              0       96345000
          13001              0        8512000              0              0      104857000
          14001              0        8448000              0              0      113305000
          15001              0        8448000              0              0      121753000
          16001              0        8448000              0              0      130201000
          17001              0        8384000              0              0      138585000
          18001              0        8384000              0              0      146969000
          19001              0        8384000              0              0      155353000
          20001              0        8323000              0              0      163676000
          21001              0        8381000              0              0      172057000
          22001              0        8320000              0              0      180377000
          23001              0        8320000              0              0      188697000
          24002              0        8258000              0              0      196955000
          25002              0        8318000              0              0      205273000
          26002              0        8205000              0              0      213478000
          27002              0        8243000              0              0      221721000
          28002              0        8256000              0              0      229977000
          29002              0        8256000              0              0      238233000
          30002              0        8192000              0              0      246425000
          31002              0        8192000              0              0      254617000
          32002              0        8192000              0              0      262809000
          33002              0        8192000              0              0      271001000
          34002              0        8128000              0              0      279129000
          35003              0        8132000              0              0      287261000
          36003              0        8188000              0              0      295449000
          37003              0        8128000              0              0      303577000
          38003              0        8066000              0              0      311643000
          39003              0        8126000              0              0      319769000
          40003              0        8128000              0              0      327897000
          41003              0        8065000              0              0      335962000
          42003              0        8066000              0              0      344028000
          43003              0        8065000              0              0      352093000
          44003              0        8064000              0              0      360157000
          45003              0        8060000              0              0      368217000
          46004              0        8064000              0              0      376281000
          47004              0        8000000              0              0      384281000
          48004              0        8029000              0              0      392310000
          49004              0        8035000              0              0      400345000
          50004              0        8000000              0              0      408345000
          51004              0        7940000              0              0      416285000
          52004              0        7996000              0              0      424281000
          53004              0        8000000              0              0      432281000
          54004              0        7936000              0              0      440217000
          55004              0        7936000              0              0      448153000
          56004              0        7936000              0              0      456089000
          57005              0        7936000              0              0      464025000
          58005              0        7936000              0              0      471961000
          59005              0        7873000              0              0      479834000
          60005              0        7935000              0              0      487769000
          61005              0        7872000              0              0      495641000
          62005              0        7748000              0              0      503389000
          63005              0        7741000              0              0      511130000
          64005              0        7744000              0              0      518874000
          65005              0        7807000              0              0      526681000
          66005              0        7744000              0              0      534425000
          67005              0        2407000              0              0      536832000
Benchmark finished.
finish bench
----------------------------------------------------------
Average Read Ops:	0. Average Write Ops:	8203937
[INFO] time 132909 ms: Closing instance ... 
[INFO] time 132909 ms: Waiting bg threads exit ... 
[INFO] time 132968 ms: PMem Usage: 103079229440 B, 100663310 KB, 98304 MB, 96 GB
[INFO] time 132968 ms: Cleaner Thread Num: 1
[INFO] time 132968 ms: PMem Usage: 103079229440 B, 100663310 KB, 98304 MB, 96 GB
[INFO] time 132969 ms: Instance closed
