[INFO] time 0 ms: Opening kvdk instance from /mnt/pmem0/kvdk_benchmark ...
[INFO] time 3895 ms: Map pmem space done
[INFO] time 3895 ms: Populating PMem space ...
[INFO] time 58349 ms: Populating done
[INFO] time 65844 ms: Start restore data
[INFO] time 65845 ms: RestoreData done: iterated 0 records
[INFO] time 65846 ms: Rebuild skiplist done
[INFO] time 65846 ms: Rebuild Lists done
[INFO] time 65846 ms: Rebuild HashLists done
[INFO] time 65847 ms: PMem Usage: 0 B, 0 KB, 0 MB, 0 GB
Init 0 readers and 64 writers.
----------------------------------------------------------
       Time(ms)       Read Ops      Write Ops      Not Found     Total Read    Total Write
           1000              0        4071000              0              0        4071000
           2000              0        4116000              0              0        8187000
           3000              0        4114000              0              0       12301000
           4000              0        4111000              0              0       16412000
           5000              0        4112000              0              0       20524000
           6000              0        4114000              0              0       24638000
           7000              0        4109000              0              0       28747000
           8000              0        4112000              0              0       32859000
           9000              0        4117000              0              0       36976000
          10000              0        4114000              0              0       41090000
          11000              0        4120000              0              0       45210000
          12000              0        4102000              0              0       49312000
          13000              0        4118000              0              0       53430000
          14000              0        4108000              0              0       57538000
          15001              0        4112000              0              0       61650000
          16001              0        4111000              0              0       65761000
          17001              0        4111000              0              0       69872000
          18001              0        4117000              0              0       73989000
          19001              0        4109000              0              0       78098000
          20001              0        4110000              0              0       82208000
          21001              0        4117000              0              0       86325000
          22001              0        4112000              0              0       90437000
          23001              0        4115000              0              0       94552000
          24001              0        4115000              0              0       98667000
          25001              0        4117000              0              0      102784000
          26001              0        4115000              0              0      106899000
          27001              0        4113000              0              0      111012000
          28001              0        4103000              0              0      115115000
          29001              0        4121000              0              0      119236000
          30002              0        4119000              0              0      123355000
          31002              0        4109000              0              0      127464000
          32002              0        4112000              0              0      131576000
          33002              0        4125000              0              0      135701000
          34002              0        4116000              0              0      139817000
          35002              0        4115000              0              0      143932000
          36002              0        4123000              0              0      148055000
          37002              0        4117000              0              0      152172000
          38002              0        4122000              0              0      156294000
          39002              0        4114000              0              0      160408000
          40002              0        4117000              0              0      164525000
          41002              0        4120000              0              0      168645000
          42002              0        4121000              0              0      172766000
          43003              0        4119000              0              0      176885000
          44003              0        4119000              0              0      181004000
          45003              0        4111000              0              0      185115000
          46003              0        4113000              0              0      189228000
          47003              0        4118000              0              0      193346000
          48003              0        4116000              0              0      197462000
          49003              0        4122000              0              0      201584000
          50003              0        4115000              0              0      205699000
          51003              0        4117000              0              0      209816000
          52003              0        4115000              0              0      213931000
          53003              0        4116000              0              0      218047000
          54003              0        4115000              0              0      222162000
          55003              0        4100000              0              0      226262000
          56003              0        4118000              0              0      230380000
          57003              0        4122000              0              0      234502000
          58004              0        4114000              0              0      238616000
          59004              0        4119000              0              0      242735000
          60004              0        4115000              0              0      246850000
          61004              0        4124000              0              0      250974000
          62004              0        4121000              0              0      255095000
          63004              0        4115000              0              0      259210000
          64004              0        4118000              0              0      263328000
          65004              0        4121000              0              0      267449000
          66004              0        4114000              0              0      271563000
          67004              0        4118000              0              0      275681000
          68004              0        4116000              0              0      279797000
          69004              0        4117000              0              0      283914000
          70004              0        4127000              0              0      288041000
          71004              0        4112000              0              0      292153000
          72004              0        4120000              0              0      296273000
          73005              0        4128000              0              0      300401000
          74005              0        4112000              0              0      304513000
          75005              0        4120000              0              0      308633000
          76005              0        4123000              0              0      312756000
          77005              0        4118000              0              0      316874000
          78005              0        4120000              0              0      320994000
          79005              0        4120000              0              0      325114000
          80005              0        4127000              0              0      329241000
          81005              0        4120000              0              0      333361000
          82005              0        4119000              0              0      337480000
          83005              0        4120000              0              0      341600000
          84005              0        4124000              0              0      345724000
          85005              0        4117000              0              0      349841000
          86005              0        4119000              0              0      353960000
          87005              0        4124000              0              0      358084000
          88006              0        4127000              0              0      362211000
          89006              0        4118000              0              0      366329000
          90006              0        4118000              0              0      370447000
          91006              0        4119000              0              0      374566000
          92006              0        4130000              0              0      378696000
          93006              0        4118000              0              0      382814000
          94006              0        4126000              0              0      386940000
          95006              0        4131000              0              0      391071000
          96006              0        4128000              0              0      395199000
          97006              0        4126000              0              0      399325000
          98006              0        4120000              0              0      403445000
          99006              0        4116000              0              0      407561000
         100006              0        4126000              0              0      411687000
         101006              0        4114000              0              0      415801000
         102006              0        4119000              0              0      419920000
         103007              0        4123000              0              0      424043000
         104007              0        4113000              0              0      428156000
         105007              0        4119000              0              0      432275000
         106007              0        4122000              0              0      436397000
         107007              0        4117000              0              0      440514000
         108007              0        4122000              0              0      444636000
         109007              0        4093000              0              0      448729000
         110007              0        4123000              0              0      452852000
         111007              0        4119000              0              0      456971000
         112007              0        4118000              0              0      461089000
         113007              0        4123000              0              0      465212000
         114007              0        4115000              0              0      469327000
         115007              0        4113000              0              0      473440000
         116007              0        4120000              0              0      477560000
         117007              0        4121000              0              0      481681000
         118008              0        4114000              0              0      485795000
         119008              0        4118000              0              0      489913000
         120008              0        4118000              0              0      494031000
         121008              0        4108000              0              0      498139000
         122008              0        4122000              0              0      502261000
         123008              0        4115000              0              0      506376000
         124008              0        4123000              0              0      510499000
         125008              0        4122000              0              0      514621000
         126008              0        4112000              0              0      518733000
         127008              0        4115000              0              0      522848000
         128008              0        4118000              0              0      526966000
         129008              0        4120000              0              0      531086000
         130008              0        4118000              0              0      535204000
         131008              0        1628000              0              0      536832000
Benchmark finished.
finish bench
----------------------------------------------------------
Average Read Ops:	0. Average Write Ops:	4117320
[INFO] time 196863 ms: Closing instance ... 
[INFO] time 196863 ms: Waiting bg threads exit ... 
[INFO] time 197862 ms: PMem Usage: 103079229440 B, 100663310 KB, 98304 MB, 96 GB
[INFO] time 197862 ms: Cleaner Thread Num: 1
[INFO] time 197863 ms: PMem Usage: 103079229440 B, 100663310 KB, 98304 MB, 96 GB
[INFO] time 197863 ms: Instance closed
