[INFO] time 0 ms: Opening kvdk instance from /mnt/pmem0/kvdk_benchmark ...
[INFO] time 3895 ms: Map pmem space done
[INFO] time 3896 ms: Populating PMem space ...
[INFO] time 59005 ms: Populating done
[INFO] time 66525 ms: Start restore data
[INFO] time 66527 ms: RestoreData done: iterated 0 records
[INFO] time 66527 ms: Rebuild skiplist done
[INFO] time 66527 ms: Rebuild Lists done
[INFO] time 66528 ms: Rebuild HashLists done
[INFO] time 66528 ms: PMem Usage: 0 B, 0 KB, 0 MB, 0 GB
Init 0 readers and 64 writers.
----------------------------------------------------------
       Time(ms)       Read Ops      Write Ops      Not Found     Total Read    Total Write
           1000              0        4050000              0              0        4050000
           2000              0        4125000              0              0        8175000
           3000              0        4123000              0              0       12298000
           4000              0        4112000              0              0       16410000
           5000              0        4105000              0              0       20515000
           6000              0        4105000              0              0       24620000
           7000              0        4101000              0              0       28721000
           8000              0        4118000              0              0       32839000
           9000              0        4099000              0              0       36938000
          10000              0        4105000              0              0       41043000
          11000              0        4111000              0              0       45154000
          12000              0        4106000              0              0       49260000
          13000              0        4107000              0              0       53367000
          14000              0        4108000              0              0       57475000
          15001              0        4103000              0              0       61578000
          16001              0        4112000              0              0       65690000
          17001              0        4105000              0              0       69795000
          18001              0        4110000              0              0       73905000
          19001              0        4111000              0              0       78016000
          20001              0        4107000              0              0       82123000
          21001              0        4103000              0              0       86226000
          22001              0        4113000              0              0       90339000
          23001              0        4129000              0              0       94468000
          24001              0        4130000              0              0       98598000
          25001              0        4125000              0              0      102723000
          26001              0        4140000              0              0      106863000
          27001              0        4122000              0              0      110985000
          28001              0        4122000              0              0      115107000
          29002              0        4130000              0              0      119237000
          30002              0        4127000              0              0      123364000
          31002              0        4125000              0              0      127489000
          32002              0        4128000              0              0      131617000
          33002              0        4131000              0              0      135748000
          34002              0        4133000              0              0      139881000
          35002              0        4129000              0              0      144010000
          36002              0        4128000              0              0      148138000
          37002              0        4127000              0              0      152265000
          38002              0        4129000              0              0      156394000
          39002              0        4126000              0              0      160520000
          40002              0        4131000              0              0      164651000
          41002              0        4129000              0              0      168780000
          42002              0        4137000              0              0      172917000
          43002              0        4129000              0              0      177046000
          44003              0        4127000              0              0      181173000
          45003              0        4131000              0              0      185304000
          46003              0        4123000              0              0      189427000
          47003              0        4128000              0              0      193555000
          48003              0        4119000              0              0      197674000
          49003              0        4133000              0              0      201807000
          50003              0        4134000              0              0      205941000
          51003              0        4125000              0              0      210066000
          52003              0        4122000              0              0      214188000
          53003              0        4132000              0              0      218320000
          54003              0        4130000              0              0      222450000
          55003              0        4109000              0              0      226559000
          56003              0        4134000              0              0      230693000
          57003              0        4133000              0              0      234826000
          58003              0        4125000              0              0      238951000
          59004              0        4134000              0              0      243085000
          60004              0        4134000              0              0      247219000
          61004              0        4125000              0              0      251344000
          62004              0        4133000              0              0      255477000
          63004              0        4123000              0              0      259600000
          64004              0        4132000              0              0      263732000
          65004              0        4136000              0              0      267868000
          66004              0        4124000              0              0      271992000
          67004              0        4128000              0              0      276120000
          68004              0        4127000              0              0      280247000
          69004              0        4133000              0              0      284380000
          70004              0        4133000              0              0      288513000
          71004              0        4122000              0              0      292635000
          72004              0        4130000              0              0      296765000
          73004              0        4130000              0              0      300895000
          74005              0        4125000              0              0      305020000
          75005              0        4130000              0              0      309150000
          76005              0        4128000              0              0      313278000
          77005              0        4128000              0              0      317406000
          78005              0        4125000              0              0      321531000
          79005              0        4121000              0              0      325652000
          80005              0        4133000              0              0      329785000
          81005              0        4124000              0              0      333909000
          82005              0        4119000              0              0      338028000
          83005              0        4141000              0              0      342169000
          84005              0        4128000              0              0      346297000
          85005              0        4120000              0              0      350417000
          86005              0        4128000              0              0      354545000
          87005              0        4124000              0              0      358669000
          88005              0        4124000              0              0      362793000
          89006              0        4128000              0              0      366921000
          90006              0        4125000              0              0      371046000
          91006              0        4129000              0              0      375175000
          92006              0        4124000              0              0      379299000
          93006              0        4128000              0              0      383427000
          94006              0        4125000              0              0      387552000
          95006              0        4123000              0              0      391675000
          96006              0        4131000              0              0      395806000
          97006              0        4127000              0              0      399933000
          98006              0        4123000              0              0      404056000
          99006              0        4124000              0              0      408180000
         100006              0        4125000              0              0      412305000
         101006              0        4131000              0              0      416436000
         102006              0        4120000              0              0      420556000
         103006              0        4126000              0              0      424682000
         104007              0        4130000              0              0      428812000
         105007              0        4127000              0              0      432939000
         106007              0        4130000              0              0      437069000
         107007              0        4123000              0              0      441192000
         108007              0        4123000              0              0      445315000
         109007              0        4108000              0              0      449423000
         110007              0        4129000              0              0      453552000
         111007              0        4133000              0              0      457685000
         112007              0        4127000              0              0      461812000
         113007              0        4135000              0              0      465947000
         114007              0        4135000              0              0      470082000
         115007              0        4124000              0              0      474206000
         116007              0        4134000              0              0      478340000
         117007              0        4126000              0              0      482466000
         118007              0        4135000              0              0      486601000
         119008              0        4129000              0              0      490730000
         120008              0        4133000              0              0      494863000
         121008              0        4128000              0              0      498991000
         122008              0        4134000              0              0      503125000
         123008              0        4131000              0              0      507256000
         124008              0        4135000              0              0      511391000
         125008              0        4133000              0              0      515524000
         126008              0        4126000              0              0      519650000
         127008              0        4130000              0              0      523780000
         128008              0        4133000              0              0      527913000
         129008              0        4131000              0              0      532044000
         130008              0        4135000              0              0      536179000
         131008              0         653000              0              0      536832000
Benchmark finished.
finish bench
----------------------------------------------------------
Average Read Ops:	0. Average Write Ops:	4124952
[INFO] time 197541 ms: Closing instance ... 
[INFO] time 197541 ms: Waiting bg threads exit ... 
[INFO] time 197543 ms: PMem Usage: 103079229440 B, 100663310 KB, 98304 MB, 96 GB
[INFO] time 197543 ms: Cleaner Thread Num: 1
[INFO] time 197544 ms: PMem Usage: 103079229440 B, 100663310 KB, 98304 MB, 96 GB
[INFO] time 197544 ms: Instance closed
